      JD - 2.44e6,     RV [m/s], RV ERR [m/s], SMOOTH RV [m/s]
       16091.925,      1.89333,      1.39038,      1.15367
       16091.932,      4.12046,      1.37412,     0.910022
       16091.939,     -1.37830,      1.37984,      1.05090
       16091.946,      3.23434,      1.38981,     0.986089
       16094.960,      1.50092,      1.37036,     0.811376
       16112.937,     -1.90312,      1.05874,     0.696241
       16112.944,     -1.50890,      1.01169,     0.526227
       16112.952,      2.52360,      1.06868,     0.340642
       16113.833,     0.611378,     0.991548,     0.529163
       16113.841,    -0.722895,      1.05814,     0.535471
       16113.848,    -0.712169,     0.925913,     0.533578
       16113.855,    0.0231760,      1.02689,     0.828324
       16113.862,      2.07903,      1.03590,      1.33671
       16113.869,     0.695429,      1.03663,      1.39173
       16115.850,      3.30373,     0.945584,      1.53980
       16115.857,      1.48010,      1.02855,      1.73509
       16115.864,      1.33909,     0.985858,      2.01517
       16115.871,      4.08338,     0.952288,      2.18046
       16115.879,      3.12876,      1.08061,      2.23010
       16115.886,      2.24023,      1.07951,      2.24954
       16116.836,      1.42524,      1.01960,      2.11957
       16116.843,      2.36867,      1.04612,      2.38708
       16116.850,      1.84136,      1.03882,      2.33515
       16116.858,      2.62507,      1.03091,      2.04243
       16116.865,     0.909296,      1.00927,      1.88466
       16116.872,      1.87408,      1.02582,      2.06738
       16117.888,      4.42266,     0.950428,      2.00716
       16117.895,     0.767939,      1.09964,      2.14703
       16117.902,     0.863432,      1.05404,      2.25049
       16117.910,      1.39333,      1.09913,      1.86299
       16117.917,      4.25010,      1.13000,      1.89099
       16117.924,     0.762784,      1.11575,      1.97084
       16118.837,      3.90732,     0.907030,      1.56667
       16118.845,      2.97934,      1.01073,      1.80329
       16118.852,     -1.63736,      1.05104,      1.88518
       16118.859,      1.21725,      1.04078,      1.86964
       16118.866,      2.75243,     0.971639,      1.53534
       16118.873,   -0.0232342,     0.923758,      1.56073
       16119.881,      3.37081,     0.904636,      1.42737
       16119.888,      1.76426,     0.986888,      1.04043
       16119.896,      1.22238,     0.913191,      1.68499
       16119.918,     0.572794,     0.921374,      1.74132
       16119.925,      1.04202,     0.920564,      1.43709
       16119.932,      2.44039,     0.939332,      1.63490
       16120.841,     -1.27701,      1.27247,      1.31194
       16120.848,      5.45287,      1.21085,      1.40646
       16120.855,      1.83681,      1.20166,      1.43744
       16120.863,    -0.594117,      1.18431,      1.75238
       16120.870,      2.15272,      1.19515,      2.05331
       16120.877,    -0.181796,      1.22526,      1.91943
       16121.808,      2.80400,      1.04669,      2.34052
       16121.815,      1.56322,      1.09352,      1.97193
       16121.822,      4.03708,      1.41581,      2.00436
       16121.829,      4.35225,      1.37853,      2.38966
       16121.837,     0.967742,      1.41660,      2.47457
       16121.844,      3.35497,      1.24964,      2.60927
       16123.813,      1.39833,     0.913112,      2.54078
       16123.820,      2.19359,     0.949401,      2.75804
       16123.828,      3.64416,     0.929018,      2.82912
       16123.835,      3.08670,      1.01649,      2.88881
       16123.842,      1.29994,     0.911741,      3.14867
       16123.849,      2.05062,      1.06395,      3.02563
       16125.795,      3.95305,      1.06825,      3.04688
       16125.802,      4.81895,      1.07025,      3.12770
       16125.810,      5.00884,      1.05701,      2.87676
       16125.817,      3.82618,      1.15140,      2.68635
       16125.824,      2.00157,      1.12337,      2.62415
       16125.831,      1.63207,      1.06139,      2.57712
       16125.856,      3.08266,     0.954187,      2.28126
       16125.863,     0.883792,      1.04756,      2.16539
       16125.870,     0.992189,      1.01381,      1.97392
       16125.878,     0.615708,      1.05977,      1.72616
       16125.885,      1.53336,      1.01922,      1.59341
       16125.892,     0.698542,      1.02881,      1.46560
       16126.806,      3.54437,      1.04986,      1.10424
       16126.813,      2.90271,      1.04829,      1.34284
       16126.820,      1.10075,      1.06679,      1.48244
       16126.827,     0.541352,      1.03569,      1.69469
       16126.834,     0.226158,     0.980918,      1.62447
       16126.842,    -0.892342,      1.05655,      1.82107
       16127.891,      3.50843,      1.00150,      1.56144
       16127.898,      2.52783,      1.08800,      1.58566
       16128.902,      2.95045,      1.14670,      1.50592
       16128.908,     0.760966,      1.44738,      1.32867
       16128.915,      2.86110,      1.28620,      1.43029
       16128.924,     0.688487,      1.21047,      1.32285
       16128.930,      3.16904,      1.18158,     0.733625
       16128.937,     0.223638,      1.09626,    0.0918171
       16129.863,     -1.40837,      1.10854,    -0.275125
       16129.871,      1.34392,      1.27202,   -0.0984836
       16129.876,     -2.07410,      1.32078,    -0.607135
       16129.892,     -2.97309,      1.35427,    -0.533149
       16129.898,     -4.53206,      1.40528,     -1.10899
       16131.853,     -1.08591,      1.00145,     -1.27807
       16131.860,      2.70402,      1.20742,     -1.28943
       16131.868,     -2.73407,      1.26746,     -1.59476
       16131.875,      1.50233,      1.25193,     -1.38660
       16131.882,     -3.16525,      1.29890,     -1.11106
       16131.889,     -1.63621,      1.30759,    -0.780293
       16132.890,     -1.53336,      1.01103,    -0.807124
       16132.897,     -2.01468,     0.930378,     -1.08354
       16132.904,     0.215642,      1.00927,     -1.18879
       16132.911,    0.0578403,     0.926497,     -1.76201
       16132.918,    -0.893569,      1.03717,     -1.63402
       16132.925,     -1.38106,      1.04254,     -1.49892
       16133.872,    -0.336528,      1.08108,     -1.38850
       16133.879,     -3.89186,      1.05577,     -1.16380
       16133.886,     -4.80305,      1.04067,     -1.43090
       16133.893,     -1.75737,      1.08941,     -1.48968
       16135.882,    -0.150160,      1.11165,     -1.47239
       16135.889,    -0.318684,      1.05992,     -1.13131
       16135.896,     0.457046,      1.13281,     -1.48098
       16135.904,     -2.72249,      1.17022,     -1.14111
       16135.911,    -0.588750,      1.19842,    -0.715558
       16135.918,    -0.703362,      1.22518,    -0.188785
       16146.799,      2.37078,      1.00872,   0.00584356
       16146.810,     -4.18294,      1.07662,     0.472945
       16146.820,    -0.153267,      1.09302,     0.665752
       16146.831,    -0.121952,      1.13204,      1.19384
       16146.844,      4.03714,      1.24950,      1.68941
       16146.854,      1.99075,      1.08187,      1.90436
       16146.865,      4.81944,      1.05781,      1.91373
       16146.875,      2.57792,      1.01193,      2.49357
       16147.915,      3.08642,      1.10368,      2.50264
       16147.926,      4.86256,      1.03460,      2.56420
       16149.899,      1.66113,     0.948884,      2.41855
       16149.942,      2.47386,     0.890224,      2.31155
       16149.952,      2.19526,      1.00228,      1.80880
       16151.825,   -0.0534964,      1.01802,      1.70355
       16151.836,     0.555237,      1.01450,      1.67580
       16151.846,      2.43493,      1.00390,      1.32832
       16151.857,     0.813825,      1.01692,      1.49801
       16151.880,    -0.710804,     0.975530,      1.29578
       16151.901,      1.42017,      1.03763,     0.986594
       16151.912,      2.78114,     0.999496,      1.03702
       16151.933,      1.04028,      1.05206,     0.848589
       16158.829,      3.52775,      1.18535,     0.472397
       16158.840,     0.249301,      1.12337,    0.0955278
       16158.850,     -1.20580,      1.21386,    0.0164283
       16158.861,     0.501240,      1.12581,   -0.0799613
       16159.869,     -1.51755,      1.05050,    -0.167413
       16159.880,     -1.70319,     0.962068,    -0.120511
       16159.889,     -3.33173,      1.17346,    -0.283904
       16159.897,     -1.58090,      1.00034,    -0.970512
       16159.911,     0.359888,     0.978293,    -0.890156
       16159.927,      1.81918,     0.997824,    -0.723767
       16159.938,      1.55619,      1.04167,    -0.523385
       16159.948,      1.73043,      1.01828,  0.000192339
       16159.959,     -7.30339,      1.97610,    -0.247916
       16160.839,    -0.321878,      1.02953,     0.478599
       16160.847,      2.33152,      1.12156,     0.269073
       16160.883,     0.686649,      1.37119,     0.343655
       16160.893,      4.05616,      1.28607,     0.129193
       16160.902,     -6.06093,      1.17155,    0.0189426
       16160.913,      6.41077,      1.20021,     0.974324
       16164.837,     -1.94490,     0.913401,      1.20750
       16164.848,      2.63958,     0.977721,     0.764082
       16164.859,    -0.802896,     0.957684,     0.735089
       16164.869,     0.517680,     0.945212,     0.366930
       16164.926,      3.20581,      1.01681,     0.935730
       16164.937,      2.24302,      1.08035,     0.348150
       16164.948,     -2.54605,      1.06295,     0.508470
       16165.772,     0.367724,      1.00101,     0.386605
       16165.783,   0.00642151,     0.892428,     0.363021
       16165.794,     0.195875,     0.963281,     0.227589
       16165.804,   -0.0526114,     0.956522,    -0.335759
       16166.838,    -0.181378,      1.01012,    -0.530118
       16166.849,      1.29906,      1.15954,    -0.559049
       16166.860,     -1.06232,      1.15955,    -0.501765
       16166.870,    -0.972067,      1.22070,    -0.453420
       16166.927,     -2.99102,      1.13492,    -0.724128
       16166.938,     0.105066,      1.10361,    -0.454409
       16166.948,     -2.86428,      1.13822,    -0.828108
       16167.810,     0.997849,     0.955615,    -0.994584
       16167.821,     0.538211,      1.03104,    -0.920393
       16167.832,     -2.78191,      1.09223,    -0.999325
       16167.842,      2.91429,     0.898448,    -0.757309
       16168.836,     -4.29206,     0.950846,    -0.717935
       16168.847,    -0.532178,      1.05050,    -0.571400
       16168.857,    -0.246216,     0.997738,    -0.760804
       16168.868,     -1.84033,      1.02234,    -0.916503
       16168.924,    -0.328849,     0.967912,    -0.939993
       16168.935,     0.538184,      1.10325,     -1.33515
       16168.946,     -1.25240,      1.09060,    -0.883193
       16171.757,     -1.08560,     0.948361,    -0.786627
       16171.768,     -1.17448,      1.03250,    -0.759379
       16171.778,     -3.04030,     0.968667,    -0.673109
       16171.788,     -1.43238,     0.965592,     -1.17931
       16172.837,     0.679406,     0.982502,     -1.41842
       16172.848,     0.530057,     0.945536,     -1.53270
       16172.858,    0.0535110,      1.01703,     -1.51832
       16172.869,    -0.891355,     0.888544,     -1.65159
       16175.799,     -5.89711,     0.962193,     -1.63016
       16175.810,     -2.09201,     0.967501,     -1.47880
       16175.820,     -2.50944,     0.958880,     -1.45182
       16175.830,    -0.927366,     0.985525,     -1.52507
       16178.865,     -2.64054,     0.987752,     -1.66856
       16178.875,     -2.80454,      1.13084,     -1.69497
       16178.886,     0.232623,      1.06820,     -1.05207
       16178.897,     0.976119,      1.05877,    -0.890825
       16179.813,    -0.275630,     0.892940,    -0.777148
       16179.823,     -1.52489,     0.955497,     -1.01487
       16179.833,     -1.18192,     0.983908,    -0.960143
       16179.842,      1.17483,      1.07676,    -0.563764
       16182.809,    -0.318318,      1.00255,    -0.524089
       16182.818,     -1.25899,     0.946022,    -0.626596
       16182.827,     -3.54230,     0.929413,    -0.567581
       16182.836,     -2.03855,     0.915599,    -0.553035
       16184.815,      1.55563,      1.06719,    -0.381053
       16184.823,     0.669040,      1.05827,    -0.395285
       16184.832,    -0.151458,      1.03993,    -0.409702
       16184.840,     0.373538,      1.08015,    -0.162837
       16186.744,     -1.36488,     0.959962,   0.00321680
       16186.752,     0.709883,     0.988882,     0.184123
       16186.760,      1.01827,     0.981895,    0.0909688
       16186.767,    -0.476905,      1.01196,   -0.0833290
       16186.777,      1.45652,      1.05600,    -0.188623
       16186.784,     -1.71571,      1.06676,    -0.195700
       16186.791,   -0.0485888,      1.08881,   -0.0323918
       16186.799,     0.530938,      1.07332,    -0.250384
       16187.800,     -1.24824,      1.04723,    -0.492446
       16187.809,     -1.30969,      1.00860,    -0.356887
       16187.818,     0.295694,     0.963846,    -0.595301
       16187.827,     0.431510,     0.992628,    -0.297547
       16189.761,     -1.68803,      1.00208,    -0.807203
       16189.771,     -1.64441,     0.974675,     -1.16992
       16189.782,      1.01425,     0.958073,     -1.15460
       16189.793,     -1.16603,      1.06392,    -0.883665
       16190.786,      1.55958,      1.15176,    -0.846639
       16190.797,     -5.65480,      1.20225,    -0.862560
       16190.808,     -3.45894,      1.20821,    -0.739892
       16190.818,     -1.07971,      1.25821,    -0.453529
       16192.795,      1.67057,      1.05755,    -0.688986
       16192.805,     0.702982,      1.09336,    -0.719740
       16192.816,     0.256373,      1.00406,    -0.890519
       16192.827,    -0.338682,      1.01496,    -0.432883
       16194.779,      1.50558,      1.08733,   -0.0384675
       16194.790,     -1.57578,      1.07484,   -0.0487502
       16194.800,     -1.50432,      1.02624,   -0.0947803
       16194.811,    -0.318994,      1.09636,    -0.116564
       16196.845,    -0.620795,     0.979420,    -0.215156
       16196.854,     0.879631,      1.05138,    -0.111198
       16196.863,     -1.19282,      1.04229,    -0.433205
       16196.873,      1.16424,      1.04054,    -0.398099
       16196.887,     0.463362,     0.921653,    -0.452655
       16196.897,    -0.828144,      1.01431,    -0.545892
       16196.908,     0.804866,     0.929789,    -0.623707
       16196.916,     -2.03650,      1.11903,    -0.774887
       16197.666,     -1.18961,      1.01765,    -0.748642
       16197.676,     -2.10444,     0.914021,    -0.773866
       16197.686,     -1.34460,      1.04235,     -1.01082
       16197.718,     -1.47676,      1.20705,     -1.10356
       16197.750,    -0.783353,     0.925937,     -1.27321
       16197.760,    -0.904125,     0.948276,     -1.19787
       16197.771,     0.886775,      1.01927,     -1.25691
       16198.817,     -2.14311,      1.06969,     -1.27422
       16198.827,     -1.84835,      1.00495,     -1.22867
       16198.838,     -1.06127,      1.02678,     -1.08519
       16198.848,     -1.20773,      1.07650,     -1.24249
       16199.719,     -1.83904,     0.851961,     -1.12893
       16199.729,     -2.29482,     0.887002,     -1.25575
       16199.740,    -0.843550,     0.971727,     -1.16448
       16199.750,     0.101443,     0.849677,     -1.14855
       16199.768,     -2.51357,     0.926420,     -1.32116
       16199.778,     0.345035,      1.00252,     -1.49122
       16199.789,    -0.508276,     0.909085,     -1.53368
       16199.799,     -1.13914,     0.992019,     -1.64557
       16200.762,     -1.67313,      1.00295,     -1.70036
       16200.773,     -2.95998,     0.929447,     -2.02363
       16200.783,     -3.07837,     0.985781,     -1.83392
       16200.794,     -2.30609,      1.02298,     -2.15876
       16201.640,     -3.52566,     0.876381,     -2.23651
       16201.651,     -1.44618,     0.918811,     -2.33215
       16201.661,     -3.45461,     0.925589,     -2.44872
       16201.672,    -0.426677,     0.960477,     -2.37376
       16201.738,     -3.22820,      1.04667,     -2.45794
       16201.749,     -1.36359,      1.00834,     -2.26360
       16201.759,     -2.19122,     0.971305,     -2.26419
       16201.770,     -2.95534,      1.01630,     -2.19209
       16202.643,     -2.13544,     0.987037,     -1.97548
       16202.653,     -4.00428,     0.877264,     -2.26745
       16202.664,    -0.168446,     0.978364,     -2.20487
       16202.675,     -3.53214,     0.898736,     -2.14740
       16202.746,    -0.653086,     0.882853,     -2.05935
       16202.757,     -1.07183,     0.933624,     -1.86749
       16202.767,     -3.63837,     0.949308,     -1.83279
       16202.778,     -2.53980,     0.917927,     -1.52519
       16203.631,    -0.731379,     0.869623,     -1.63634
       16203.642,     -1.22267,     0.945790,     -1.36644
       16203.653,    -0.844906,     0.954435,     -1.33625
       16203.663,     -1.75379,     0.922335,     -1.68090
       16203.717,    -0.620674,     0.986730,     -1.56524
       16203.729,     -1.39104,     0.978355,     -1.59509
       16203.739,    -0.563328,     0.879937,     -1.74003
       16203.749,    -0.321000,     0.953147,     -1.89167
       16204.630,     -4.86292,     0.968871,     -1.89354
       16204.641,     -2.36609,      1.00804,     -2.03431
       16204.652,     -2.86817,     0.963222,     -2.10194
       16204.662,     -2.32574,     0.950652,     -2.09943
       16204.715,     -2.89070,     0.984472,     -1.79593
       16204.724,    -0.865453,      1.06571,     -1.81720
       16204.733,     -3.30225,     0.899500,     -1.29239
       16204.744,     -1.36460,     0.944311,     -1.33624
       16205.635,     -1.36342,      1.36684,    -0.939021
       16205.646,      2.77507,      1.50173,    -0.647704
       16210.629,    -0.554918,      1.13594,    -0.344828
       16210.640,     0.910002,      1.03353,    -0.391906
       16210.650,     -2.84841,     0.948313,    0.0149275
       16210.661,      1.50119,      1.02205,     0.256143
       16210.677,     0.878749,      1.01423,     0.503622
       16210.687,     0.440932,     0.986415,    0.0301028
       16210.698,     -1.38331,     0.998742,   -0.0188402
       16210.709,      1.17291,     0.945378,    -0.113454
       16211.629,      1.28877,      1.03411,     0.129184
       16211.640,      1.35885,      1.03497,    -0.270072
       16211.650,     -2.43363,     0.984784,    -0.338452
       16211.661,     -1.09329,     0.915089,    -0.454791
       16211.673,    -0.130748,     0.990527,    -0.382333
       16211.684,    -0.179394,      1.03162,    -0.676998
       16211.695,     -2.89063,      1.01847,     -1.05346
       16211.705,     0.126567,      1.05567,     -1.24436
       16212.638,    -0.838792,      1.09306,     -1.29170
       16212.646,    -0.586275,      1.12687,     -1.27627
       16212.654,     -2.06840,      1.03111,     -1.16241
       16212.661,     -2.85230,      1.01847,     -1.41238
       16212.685,    -0.741086,      1.10259,     -1.30304
       16212.693,     -2.95429,      1.05833,     -1.38109
       16212.701,    -0.923628,      1.07642,     -1.66093
       16212.709,      1.12173,     0.970896,     -1.85790
       16213.610,     -2.92910,      1.01271,     -1.71815
       16213.620,     -1.68783,     0.928222,     -1.54079
       16213.631,    -0.732067,     0.944992,     -1.48451
       16213.641,     -3.91702,     0.978703,     -1.40015
       16213.683,     -2.75291,     0.956107,     -1.34739
       16213.693,    -0.531103,     0.984270,     -1.52686
       16213.702,    -0.901398,      1.01167,     -1.48725
       16213.711,    -0.122013,     0.969411,     -1.50324
       16214.639,     -2.02631,     0.999078,     -1.58516
       16214.650,    -0.343212,     0.977324,     -1.42278
       16214.660,    -0.852531,      1.01145,     -1.23644
       16214.671,     -2.49340,     0.972461,     -1.28920
       16214.687,     -1.86367,     0.962529,     -1.44446
       16214.697,     -1.63318,     0.969302,     -1.45729
       16214.706,     -2.13087,     0.956272,     -1.24705
       16214.716,    -0.703153,     0.966941,     -1.49086
       16215.605,     -1.11148,     0.983805,     -1.54028
       16215.616,     -2.60930,     0.974419,     -1.27783
       16215.626,    -0.263039,     0.957886,     -1.18479
       16215.636,     0.286278,     0.972698,     -1.17275
       16215.659,     -3.02511,     0.909038,     -1.07770
       16215.668,     -1.39617,     0.977650,     -1.31563
       16215.679,     0.393533,     0.915822,     -1.41842
       16215.689,    -0.840232,     0.926287,     -1.36819
       16216.649,     -1.50071,      1.08012,     -1.56770
       16216.660,     -1.08533,     0.989312,     -1.68023
       16216.670,     -3.32035,     0.970197,     -1.57301
       16216.681,     -2.24222,     0.986716,     -1.67866
       16217.649,     -2.05679,      1.08098,     -1.82376
       16217.660,     -2.45760,      1.11030,     -1.70810
       16217.671,    -0.951569,      1.14110,     -1.72508
       16217.680,     -1.84570,      1.26289,     -1.75904
       16217.695,     -2.55828,     0.986488,     -1.62234
       16217.703,     -1.20253,      1.01403,     -1.39702
       16217.713,     0.431978,      1.02581,     -1.30506
       16217.725,     -1.68754,      1.07958,    -0.989361
       16218.649,     -1.45889,      1.03937,    -0.868790
       16218.658,     -1.81663,     0.983009,    -0.820435
       16218.667,     0.236325,     0.971525,    -0.695951
       16218.678,     -1.04518,     0.961464,    -0.362043
       16218.689,      1.01505,     0.958893,    -0.301339
       16218.699,     0.374714,     0.965144,    0.0518733
       16218.709,     -1.31379,     0.899976,     0.383118
       16218.719,     -1.18895,     0.929401,     0.703498
       16219.771,      2.47045,      1.12510,     0.670315
       16219.782,      1.09972,      1.11603,      1.13711
       16219.792,      2.19780,      1.10070,      1.26715
       16219.803,      2.18480,     0.964973,      1.45411
       16219.817,      1.70756,      1.04611,      1.77257
       16219.828,    -0.128689,      1.10899,      2.02424
       16219.839,      4.08956,      1.14074,      2.10875
       16220.672,      2.44545,      1.01494,      2.22442
       16220.680,      2.43132,     0.984049,      2.13142
       16220.688,      2.18931,      1.05745,      2.25066
       16220.696,      1.57941,      1.00731,      2.15651
       16220.705,      3.40002,      1.01935,      2.14189
       16220.713,      2.37212,     0.997713,      1.91863
       16220.720,      1.17476,      1.15505,      1.53791
       16220.728,      3.49640,      1.07395,      1.39194
       16221.665,     0.671977,      1.00338,      1.10914
       16221.675,    -0.289476,     0.910119,     0.850717
       16221.686,      1.63366,     0.944002,     0.615391
       16221.696,     -1.74247,      1.05830,     0.445725
       16223.648,     0.825601,      1.06800,     0.373982
       16223.657,    -0.921464,      1.15368,     0.346427
       16223.665,     -1.26324,      1.10009,     0.450918
       16223.674,     0.811435,      1.04619,     0.345842
       16223.687,     0.505792,     0.992967,    0.0724257
       16223.695,     0.385592,      1.06859,     0.302007
       16223.704,      3.19329,      1.15894,     0.370865
       16223.712,      1.82139,      1.03700,     0.509297
       16224.622,     -1.44532,     0.975874,     0.652815
       16224.633,     -1.37391,      1.16514,     0.525692
       16224.643,     0.782929,      1.15698,     0.429513
       16224.654,      1.58303,      1.25497,     0.344831
       16224.668,     0.601287,      1.11425,   -0.0163210
       16224.678,     0.315460,      1.19267,   -0.0981901
       16224.689,    -0.586921,      1.20536,    -0.215220
       16224.700,    -0.552180,      1.40478,    -0.384592
       16225.652,    -0.545914,     0.877994,    -0.729721
       16225.662,    -0.779375,     0.863062,     -1.29992
       16225.672,     0.920826,     0.965814,     -1.75379
       16225.682,     -2.73266,     0.973260,     -2.09109
       16226.668,     -3.23700,     0.971170,     -2.33171
       16226.688,     -3.01350,     0.926428,     -2.47388
       16226.698,     -4.68913,     0.964319,     -2.51001
       16226.711,     -4.39132,      1.00167,     -2.56470
       16226.720,     -3.39479,     0.957557,     -2.65920
       16226.729,     -3.23375,      1.09979,     -2.61435
       16226.739,     -2.11610,      1.06739,     -2.52696
       16229.711,    -0.943266,     0.982854,     -2.40935
       16229.722,     -1.38097,     0.951529,     -2.21668
       16229.733,    -0.118710,     0.976175,     -1.95824
       16229.743,     -2.23932,     0.969233,     -1.54776
       16229.774,     -2.27573,     0.975772,     -1.37260
       16229.785,     -1.71972,      1.00598,     -1.24270
       16229.795,     -2.56976,     0.937956,     -1.14267
       16229.806,     -1.54848,     0.915344,     -1.12713
       16230.636,      1.12040,     0.979236,    -0.972882
       16230.646,     -1.30697,     0.996970,    -0.953681
       16230.656,    -0.687149,     0.993508,    -0.802710
       16230.664,     0.157059,      1.02898,    -0.848586
       16230.679,     -1.21008,      1.10867,    -0.703020
       16230.686,      1.57804,      1.16903,    -0.746805
       16230.694,     -2.02810,      1.07927,    -0.822340
       16230.703,    -0.615044,     0.960220,    -0.892894
       16231.747,     -2.22436,     0.920358,    -0.699473
       16231.757,    -0.968544,     0.995896,    -0.808280
       16231.768,     -2.03011,      1.01854,    -0.849991
       16231.779,     0.289521,     0.948408,    -0.958932
       16231.791,     -2.08307,     0.977994,    -0.962885
       16231.802,      1.44048,     0.929425,     -1.12880
       16231.812,     -1.03981,      1.04845,    -0.829134
       16231.823,     -1.66890,     0.951301,    -0.631521
       16232.636,     0.379695,      1.00242,    -0.409697
       16232.646,     -2.07159,      1.00822,    -0.279803
       16232.656,     -2.44006,      1.04263,    -0.109430
       16232.665,      1.07192,      1.10538,    -0.314884
       16232.683,      1.20521,      1.04028,    -0.345786
       16232.692,     0.409955,      1.09272,    -0.214846
       16232.700,      1.71835,     0.973915,    0.0275677
       16232.709,    -0.208967,      1.11265,     0.280197
       16233.609,    -0.819508,     0.922945,     0.443467
       16233.618,     -1.37974,     0.975391,     0.474118
       16233.627,    -0.228564,     0.980353,     0.380118
       16233.636,      3.04625,     0.877703,     0.290613
       16233.647,     0.707331,     0.923523,     0.208845
       16233.656,    -0.644085,     0.957287,     0.256148
       16233.665,      1.40908,      1.02918,     0.362990
       16233.674,     0.171205,      1.01933,     0.165768
       16234.630,    -0.574605,      1.00232,    0.0302025
       16234.640,     0.818905,     0.824950,    -0.384036
       16234.651,     0.311363,     0.956187,    -0.622109
       16234.662,     0.355755,     0.932109,    -0.540567
       16235.625,     -3.54918,     0.963117,    -0.892032
       16235.635,     -1.71978,     0.964257,     -1.01260
       16235.645,     -1.51038,      1.00741,     -1.15261
       16235.655,     -1.91147,     0.936872,     -1.41111
       16236.705,     0.252888,      1.01377,     -1.78990
       16236.716,     -2.45704,      1.03584,     -2.23830
       16236.727,     -1.15502,      1.04881,     -2.11102
       16236.737,     -2.11475,     0.955746,     -2.23484
       16237.615,     -2.02454,      1.03162,     -2.51368
       16237.625,     -3.85533,     0.988412,     -2.79607
       16237.636,     -4.57669,      1.01861,     -3.30426
       16237.646,     -2.14907,      1.03520,     -3.45613
       16237.656,     -3.08180,      1.08676,     -3.80929
       16237.664,     -4.57760,      1.17135,     -3.94017
       16237.674,     -5.01783,      1.13692,     -3.91032
       16237.683,     -5.33717,      1.01539,     -4.02127
       16238.590,     -4.12764,      1.11807,     -4.22609
       16238.601,     -5.03974,      1.06573,     -4.46295
       16238.611,     -3.55442,      1.07154,     -4.60469
       16238.622,     -1.69627,      1.14383,     -4.59712
       16238.634,     -5.07574,      1.06053,     -4.61228
       16238.644,     -6.82967,      1.07790,     -4.48046
       16238.654,     -4.75461,      1.12923,     -4.41197
       16238.663,     -4.64087,      1.12657,     -4.38118
       16239.663,     -4.49434,     0.982404,     -4.57920
       16239.673,     -5.18458,      1.07211,     -4.88423
       16239.683,     -3.88718,     0.954187,     -4.53267
       16239.693,     -3.37427,      1.04774,     -4.01299
       16241.718,     -4.70108,     0.976484,     -3.86221
       16241.729,     -5.73260,     0.964819,     -3.76066
       16241.739,     -5.05161,     0.924722,     -3.84671
       16241.750,     -1.20859,     0.984170,     -3.68407
       16242.716,     -1.11321,     0.925615,     -3.21545
       16242.726,     -3.09595,     0.983685,     -3.11508
       16242.737,     -3.52387,      1.02809,     -2.93885
       16242.748,     -5.44090,      1.00868,     -2.70751
       16243.663,     -3.39548,     0.998892,     -2.39591
       16243.673,      1.26764,     0.998500,     -2.40481
       16243.684,     -2.27026,     0.978303,     -2.57893
       16243.694,     -2.76253,     0.927576,     -2.67160
       16244.630,     -3.18788,     0.986943,     -2.57910
       16244.641,     -1.62399,     0.969470,     -2.11247
       16244.651,     -1.30649,     0.986118,     -1.85195
       16244.662,     -3.02857,     0.963188,     -1.54557
       16245.665,     -4.11525,     0.974817,     -1.31575
       16245.675,     -2.50642,      1.03019,    -0.932176
       16245.685,    -0.307931,      1.01876,    -0.490192
       16245.695,    -0.529743,      1.03071,    -0.333423
       16248.621,      4.63778,     0.975112,   -0.0449797
       16248.632,     0.257786,     0.938040,     0.180997
       16248.643,      1.45679,     0.974574,     0.564517
       16248.653,      1.67394,     0.946789,     0.841486
       16249.664,     0.100463,      1.03342,      1.14794
       16250.712,      1.86639,     0.909912,      1.17375
       16250.723,    -0.542826,     0.941895,     0.868897
       16250.734,     0.103470,     0.975533,      1.06506
       16250.744,     0.540226,     0.892414,      1.16026
       16251.604,      3.06304,     0.928829,      1.29885
       16251.615,    -0.245798,     0.915605,      1.52982
       16251.625,      1.28439,     0.987618,      1.48492
       16251.636,      2.41561,     0.929312,      1.44203
       16253.649,      2.50391,     0.870688,      1.47903
       16253.658,      3.19843,     0.958511,      1.66033
       16253.668,      2.64119,     0.908353,      1.60894
       16253.678,      1.37243,     0.930579,      1.64309
       16254.666,     -1.01452,      1.00340,      1.38401
       16254.676,     0.510465,      1.06036,      1.05625
       16254.686,      2.53453,     0.984779,     0.967863
       16254.696,      2.49766,     0.998622,     0.399086
       16256.704,     0.129911,     0.966278,   -0.0513399
       16256.715,     -1.56550,     0.980326,    -0.424572
       16256.725,     -1.18977,     0.976192,    -0.745435
       16256.736,      1.53166,     0.995978,    -0.871255
       16257.666,     -3.05811,     0.927906,     -1.19227
       16257.677,     -2.31349,      1.06025,     -1.68939
       16257.687,     -2.73313,     0.971589,     -2.04233
       16257.698,     -4.54400,     0.984035,     -2.10211
       16259.595,    -0.873552,      1.00756,     -2.44810
       16259.605,    -0.996631,     0.968991,     -2.86934
       16259.614,     -2.97069,     0.989749,     -2.84300
       16259.623,     -3.75239,      1.04781,     -2.95650
       16262.600,     -2.22305,     0.995467,     -3.00683
       16262.610,     -4.99566,      1.10236,     -2.87729
       16262.620,     -3.10202,      1.08556,     -3.11591
       16262.630,     -2.76842,      1.10115,     -3.40070
       16263.589,     -3.56193,      1.12716,     -3.76369
       16263.600,     -3.28675,      1.10513,     -3.91454
       16263.610,     -3.11909,      1.08642,     -4.00290
       16263.621,     -3.49840,      1.00918,     -3.84582
       16264.577,     -4.12929,      1.12120,     -3.74194
       16264.587,     -6.96359,      1.21898,     -3.81404
       16264.598,     -5.41168,      1.16121,     -3.86208
       16264.609,     -3.19506,      1.29047,     -3.89227
       16265.615,     -3.26784,      1.01401,     -3.77539
       16265.625,     -1.95931,      1.00439,     -3.47028
       16265.636,     -3.56152,      1.03910,     -3.22351
       16265.646,     -4.09035,      1.09609,     -2.63318
       16266.570,     -3.61884,     0.965246,     -2.15808
       16266.581,     -1.83346,      1.07383,     -1.87846
       16266.592,    -0.142176,      1.00878,     -1.58707
       16266.602,     -1.41475,      1.09888,     -1.73874
       16268.556,    -0.470019,     0.966427,     -1.56428
       16268.564,    -0.185528,     0.963589,     -1.50027
       16268.572,    -0.119261,      1.00644,     -1.24123
       16268.580,   -0.0625863,     0.985202,     -1.13682
       16269.601,     -3.62765,     0.946818,     -1.03993
       16269.611,     -1.64247,     0.976497,     -1.08364
       16269.621,     -3.38624,     0.927828,     -1.19670
       16270.539,    -0.769359,     0.999748,     -1.16634
       16270.548,    -0.684963,      1.02270,     -1.31625
       16270.558,     0.923563,      1.04175,     -1.36077
       16270.568,     -1.89557,      1.02254,    -0.995088
       16271.593,     -1.71360,     0.961356,    -0.774951
       16271.603,     0.148424,     0.913737,    -0.335404
       16271.614,     -1.76834,     0.950863,    -0.238385
       16271.624,    -0.552291,      1.01813,   -0.0790925
       16276.531,     0.394859,     0.909888,    -0.131620
       16276.554,     0.779040,     0.858949,   0.00590192
       16276.590,      1.44878,     0.880351,     0.459621
       16276.649,     0.297845,     0.906576,     0.600370
       16277.517,      1.06726,     0.950812,     0.927948
       16277.547,     0.345763,     0.913018,      1.21545
       16277.603,    -0.382826,     0.984658,      1.36269
       16277.622,      3.27732,      1.00318,      1.34209
       16278.528,      1.69666,     0.977768,      1.44878
       16278.547,      1.83502,     0.938076,      1.73399
       16278.583,      2.61023,      1.03563,      1.83536
       16278.610,      2.01444,      1.02563,      2.01819
       16279.517,     0.552521,      1.02598,      2.29521
       16279.554,      2.62237,      1.10522,      2.20036
       16279.610,      3.43511,      1.01008,      2.47293
       16279.653,      2.18235,      1.09269,      2.64248
       16280.588,      2.35685,      1.08450,      2.60005
       16280.644,      2.66441,      1.10083,      2.76824
       16282.537,      2.23405,     0.962891,      2.91516
       16282.579,      4.69489,     0.912675,      2.99173
       16282.657,      3.70007,     0.928043,      3.03607
       16282.671,      2.14346,     0.895015,      3.09700
       16283.544,      3.86453,     0.949040,      2.93176
       16283.617,      2.16872,     0.967301,      2.78441
       16283.638,      3.46463,     0.958814,      2.74606
       16283.681,      3.92285,     0.957116,      2.47599
       16284.530,      2.85262,      1.13582,      2.53849
       16284.578,     0.539208,     0.981830,      2.51319
       16284.599,      1.04351,     0.931510,      2.36841
       16284.655,      1.81223,     0.985458,      2.61447
       16285.525,      1.72409,     0.979388,      2.67662
       16285.558,      4.38756,     0.918106,      2.28037
       16285.646,      1.86514,     0.982045,      1.96989
       16288.522,      2.27197,     0.923655,      2.12526
       16288.561,      4.87538,     0.917138,      2.24200
       16288.643,      4.14822,     0.872174,      2.21759
       16289.522,    -0.435843,      1.01641,      2.31194
       16289.582,    -0.562737,     0.991396,      1.96565
       16289.604,      2.24834,     0.937565,      1.88140
       16289.619,      2.32767,      1.03774,      1.70261
       16290.519,      1.54370,     0.974317,      1.22396
       16290.560,      2.76193,     0.925485,     0.992594
       16290.582,     0.578341,     0.929738,     0.688054
       16290.642,     0.938429,     0.904188,     0.504490
       16291.519,     0.305303,     0.909326,     0.145565
       16291.557,    -0.389789,     0.945710,    -0.310632
       16291.642,      1.60320,      1.03071,    -0.805947
       16295.589,     -3.78579,      1.10491,     -1.45413
       16295.613,     -2.58193,      1.17960,     -1.77722
       16295.636,     -1.69984,      1.15333,     -1.95103
       16296.533,     -2.69050,     0.925522,     -2.11515
       16296.545,     -3.90476,      1.00768,     -2.25110
       16296.574,     -4.36808,      1.05541,     -2.62931
       16296.589,     -2.97565,      1.05068,     -2.38133
       16297.526,    -0.973464,      1.05505,     -2.38735
       16297.564,     -1.50006,     0.939892,     -2.46325
       16298.527,     -1.88519,      1.04345,     -2.46219
       16298.587,     -2.55710,     0.906520,     -2.34108
       16298.608,     -1.05799,     0.995721,     -2.17250
       16298.622,     -2.64820,     0.899259,     -1.86181
       16299.531,     -2.53476,      1.00572,     -1.81387
       16299.563,     -2.67884,     0.980566,     -1.77143
       16299.591,     -2.57258,     0.956745,     -1.79186
       16299.618,     -2.51363,      1.04489,     -2.04723
       16304.529,     0.441877,      1.06615,     -2.30964
       16304.556,    -0.446044,      1.12188,     -2.09291
       16304.592,     -1.03322,      1.09330,     -2.00478
       16304.605,     -2.10999,      1.14998,     -1.96868
       16305.530,     -5.36614,      1.15060,     -1.95690
       16305.552,     -3.94454,      1.17947,     -1.68123
       16305.574,    -0.264144,      1.19540,     -1.64035
       16307.531,     -1.56533,      1.12426,     -1.73371
       16307.555,     -2.28173,      1.12149,     -1.55582
       16307.579,     -2.44298,      1.15668,     -1.31692
       16308.522,     0.518711,      1.12709,    -0.638666
       16308.543,     0.891558,      1.15997,    -0.401648
       16309.528,     -1.47303,      1.02005,    -0.295867
       16309.550,     0.923616,      1.04395,   -0.0138650
       16310.540,     0.517946,      1.10698,     0.290226
       16310.561,      2.09460,      1.11189,     0.482356
       16311.528,     -1.33734,      1.48506,     0.367093
       16311.553,     0.899438,      1.16883,     0.289466
       16311.576,      1.53670,      1.22344,     0.423448
       16312.535,      1.06327,      1.10667,     0.303258
       16312.570,    -0.329558,      1.22685,     0.166018
       16314.543,    -0.749178,      1.11575,   -0.0411063
       16314.554,    0.0376620,      1.14959,     0.356388
       16314.574,  0.000765800,      1.11766,     0.698563
       16316.536,    -0.398466,      1.09462,     0.751033
       16316.547,    -0.991698,      1.01053,     0.913296
       16316.572,    -0.183764,      1.02876,      1.11807
       16316.583,      3.03510,     0.979652,      1.39083
       16317.528,      4.66336,      1.08877,      1.64184
       16317.538,      2.11387,      1.09819,      2.15946
       16317.567,      2.84817,      1.15836,      2.37471
       16317.577,      1.92296,      1.08602,      2.80185
       16318.520,      2.25121,      1.09685,      2.62603
       16318.531,      2.79878,      1.06396,      2.43765
       16318.558,      5.69452,      1.05674,      2.14893
       16318.569,      1.96935,      1.12810,      2.22115
       16319.524,      3.70686,      1.09178,      2.21744
       16319.534,     -2.11786,      1.17505,      2.38320
       16319.552,     0.962989,      1.26120,      2.40497
       16319.562,      1.48741,      1.16826,      2.25052
       16321.539,      2.90832,      1.02715,      1.84268
       16321.549,      2.80735,      1.09211,      1.40203
       16321.570,      3.74628,      1.04131,      1.02179
       16322.529,      2.49071,      1.13683,      1.26223
       16322.540,      1.09976,      1.00291,      1.21986
       16322.565,      1.20829,      1.06280,     0.998218
       16323.531,     -2.87772,      1.16052,     0.915479
       16323.542,    -0.475886,      1.16908,      1.18548
       16323.571,     0.526984,      1.09378,      1.29321
       16328.518,     0.496926,      1.01704,      1.08455
       16328.525,    -0.950618,      1.03005,     0.886894
       16328.532,      1.99820,      1.09898,      1.11348
       16328.539,      5.77737,      1.06082,      1.50741
       16328.546,      4.93131,      1.12121,      1.76089
       16329.518,     0.195432,      1.11757,      2.00789
       16329.526,     -1.07447,      1.15889,      2.46602
       16329.533,      3.70079,      1.19651,      2.57507
       16329.540,      1.45541,      1.32595,      2.12947
       16329.547,      2.31248,      1.15123,      1.77246
       16330.520,      3.24393,      1.50644,      1.37699
       16330.528,      5.53635,      1.44089,      1.48583
       16330.535,     0.248919,      1.46960,      1.36215
       16330.542,     -2.90332,      1.64247,      1.11226
       16331.527,      1.85024,      1.51011,     0.985173
       16331.535,     0.581073,      1.60179,     0.784232
       16331.541,      1.39272,      1.60090,     0.943717
       16331.549,     -2.43493,      1.78382,     0.577246
       16332.521,     0.951956,      1.53357,     0.441686
       16332.528,    0.0574756,      1.43214,     0.899049
       16332.535,     0.102123,      1.35203,     0.633539
       16332.542,      4.99827,      1.40761,     0.549040
       16332.549,      1.50517,      1.51800,     0.301815
       16336.518,     -1.24224,      1.31375,     0.417672
       16336.525,      2.12767,      1.25155,     0.230599
       16336.532,     -1.07036,      1.38010,     0.287877
       16336.539,    -0.348416,      1.36174,    0.0129828
       16445.923,     -1.32675,     0.902211,    -0.830913
       16445.934,     -1.16051,     0.908035,     -1.30968
       16448.920,     -1.10585,      1.00229,     -1.52984
       16448.948,     0.687530,     0.907716,     -2.17040
       16457.905,     -2.92171,      1.05995,     -2.14937
       16457.947,     -4.28458,      1.06566,     -2.33611
       16458.899,     -3.76132,     0.943159,     -2.34149
       16458.941,     -3.66396,     0.921768,     -2.41142
       16460.946,     -4.91849,      1.09726,     -2.51732
       16462.924,    -0.839062,      1.70099,     -2.75871
       16472.936,     -2.40254,     0.869803,     -2.75780
       16472.958,     -1.38586,     0.848609,     -2.67689
       16473.930,     -1.92978,     0.876982,     -2.74796
       16473.950,     -2.27081,     0.894209,     -2.67071
       16475.896,     -1.96776,     0.773970,     -2.61250
       16475.931,     -2.91163,     0.858303,     -2.98544
       16476.890,     -3.39464,     0.889197,     -3.02512
       16476.934,     -4.54300,     0.923889,     -3.23981
       16477.873,     -2.81425,     0.893110,     -3.27223
       16477.921,     -4.27820,     0.947404,     -2.90845
       16480.875,     -4.94142,     0.838992,     -2.94490
       16481.832,     -2.83894,     0.828307,     -2.87659
       16481.945,     -3.74750,     0.953599,     -2.69781
       16482.830,     -2.28643,      1.06029,     -2.30667
       16482.904,      1.73083,     0.960870,     -2.35937
       16485.815,     -2.36878,     0.893056,     -2.33430
       16485.882,     -2.16020,     0.853644,     -2.12359
       16486.834,     -1.42802,     0.796580,     -2.15834
       16486.860,    -0.240495,     0.826529,     -2.07528
       16486.925,     -3.39396,     0.872332,     -2.17207
       16486.936,     -4.00235,     0.878794,     -2.34584
       16487.818,     -2.62359,     0.879774,     -2.36062
       16487.869,     -3.22129,     0.979830,     -2.39763
       16487.936,     -2.83377,     0.912639,     -2.49508
       16488.809,     -3.35111,     0.830729,     -2.76697
       16488.904,    -0.180685,     0.879617,     -2.93327
       16488.940,     -2.53139,     0.878629,     -2.85616
       16492.799,     -2.56722,     0.969912,     -2.97588
       16492.929,     -2.50002,     0.840552,     -2.92477
       16496.806,     -3.23132,     0.876448,     -3.00438
       16496.876,     -5.22320,     0.876053,     -3.11246
       16496.913,     -3.15418,     0.935822,     -3.49019
       16496.947,     -3.94044,     0.898712,     -3.58965
       16497.781,     -2.65917,     0.864175,     -3.91801
       16497.844,     -3.70947,     0.881231,     -4.17239
       16498.821,     -4.53992,     0.922215,     -4.37714
       16498.874,     -4.33576,      1.08771,     -4.26376
       16498.907,     -3.62544,      1.00655,     -4.25545
       16500.791,     -6.17924,     0.923736,     -4.08540
       16500.856,     -5.29810,     0.949576,     -4.24807
       16500.895,     -5.48362,      1.04106,     -4.46577
       16501.828,     -3.97600,      1.07419,     -4.32947
       16501.847,     -3.06281,      1.04049,     -4.27909
       16501.913,     -2.06983,      1.03952,     -4.42611
       16502.820,     -4.44855,      1.08677,     -4.22475
       16502.843,     -6.10417,      1.00317,     -4.06560
       16504.782,     -3.04065,     0.942409,     -3.92875
       16504.798,     -3.78155,     0.909716,     -3.72806
       16504.841,     -5.24269,     0.962447,     -3.69040
       16505.869,     -3.96424,     0.970502,     -3.88102
       16505.944,     -3.54752,     0.848185,     -3.83184
       16506.807,     -3.97824,     0.908000,     -3.57178
       16506.900,     -1.76835,     0.906667,     -3.58144
       16506.920,     -2.64859,     0.891497,     -3.43044
       16508.772,     -4.16662,     0.865585,     -3.23607
       16508.839,     -3.90760,      1.02329,     -3.04132
       16509.761,     -3.24355,     0.949209,     -3.05733
       16509.851,     -3.14693,     0.940434,     -3.01387
       16509.913,     -2.12054,     0.941453,     -2.86422
       16509.924,     -3.10463,     0.968233,     -2.73295
       16509.934,     -1.82198,     0.970938,     -2.44424
       16509.945,     -3.72364,      1.05723,     -2.17726
       16510.823,     -3.50016,     0.913540,     -2.15338
       16510.835,    -0.122148,      1.02147,     -1.90550
       16510.881,     -1.20463,      1.00644,     -1.73607
       16510.891,    -0.990807,     0.963124,     -1.22560
       16510.952,    -0.970828,     0.961994,     -1.16095
       16511.791,     -2.98091,      1.23402,    -0.695540
       16511.799,    -0.420187,      2.07151,    -0.408287
       16512.875,    -0.256794,     0.937162,    -0.475516
       16512.885,      2.51050,     0.989229,    -0.315853
       16512.919,     -1.11083,     0.966006,    -0.371491
       16513.833,      1.39585,     0.911114,    -0.399136
       16513.934,    -0.340371,     0.933598,    -0.280861
       16514.751,    -0.861674,     0.893606,    -0.341928
       16514.948,     0.551669,     0.863334,    -0.278586
       16515.744,     -1.60283,     0.813492,    -0.582679
       16515.837,     -1.27492,     0.881476,    -0.681454
       16516.782,     -1.67988,     0.966898,    -0.911350
       16516.822,     -1.09193,     0.920033,     -1.10196
       16516.847,     0.439971,      1.05877,     -1.29418
       16516.858,    -0.834523,     0.958889,     -1.49675
       16516.888,     -2.19735,     0.919877,     -1.47042
       16516.910,     -1.13301,     0.956518,     -1.76706
       16516.919,     -2.43708,      1.06538,     -1.66393
       16517.748,     -2.97611,      1.00722,     -1.61935
       16517.859,     -1.67654,     0.936679,     -1.91006
       16517.923,     -1.31324,     0.852041,     -1.90133
       16517.934,     -4.53801,     0.888647,     -2.12353
       16518.731,    -0.545465,     0.813027,     -2.17315
       16518.802,    -0.601517,     0.853634,     -2.08775
       16518.842,     -2.75781,     0.997255,     -1.97077
       16518.849,    -0.738467,     0.967233,     -2.23092
       16518.901,     -4.64157,     0.913681,     -2.34630
       16518.909,     -1.67887,     0.958667,     -2.09491
       16518.918,     -1.49761,     0.967235,     -2.12907
       16519.776,     -1.68941,     0.868431,     -2.26237
       16519.836,     -4.53820,     0.900724,     -2.33217
       16519.863,     -2.58232,      1.06140,     -2.62593
       16519.871,     -1.77277,      1.02624,     -2.48416
       16519.938,    -0.921210,     0.978702,     -2.39718
       16520.728,     -2.06782,     0.913282,     -2.38520
       16520.845,     -3.52557,     0.993516,     -2.46751
       16520.937,     -3.96992,     0.908815,     -2.41517
       16521.719,     -3.08210,     0.913371,     -2.44854
       16521.763,    -0.722062,     0.986073,     -2.74778
       16521.770,     -1.36583,     0.993017,     -2.96322
       16521.869,     -2.59480,     0.943698,     -2.98488
       16521.912,     -3.96246,      1.05930,     -2.94550
       16522.744,     -2.94941,     0.946712,     -3.11532
       16522.792,     -5.06436,     0.897934,     -2.99618
       16522.847,     -3.29104,     0.974279,     -3.29791
       16522.929,     -2.30615,     0.873872,     -3.58945
       16523.726,     -3.09233,     0.924871,     -3.55113
       16523.777,     -5.83795,     0.884443,     -3.35330
       16523.821,     -1.77159,     0.899095,     -3.31013
       16523.889,     -4.04113,     0.963519,     -2.91865
       16524.716,     -4.57270,     0.974015,     -2.89413
       16524.795,     -2.17335,      1.00629,     -2.93313
       16524.880,     -1.78624,      1.01756,     -2.77101
       16524.934,     -2.47459,      1.12415,     -2.48530
       16525.713,    -0.758064,     0.890257,     -2.59269
       16525.760,     -3.02137,     0.924881,     -2.33938
       16525.827,     -2.73507,     0.893569,     -2.17731
       16525.880,     -1.30907,     0.944587,     -2.18692
       16526.730,     -2.69513,     0.883042,     -2.25338
       16526.782,     -2.95289,     0.997143,     -2.44070
       16526.838,     -1.25468,     0.991887,     -2.96166
       16526.924,     -2.78998,     0.975248,     -2.87211
       16529.729,     -2.27907,     0.928197,     -2.89040
       16529.785,     -2.51733,     0.879053,     -2.99246
       16529.829,     -4.53510,     0.974945,     -3.04136
       16529.908,     -6.48856,     0.926118,     -3.14670
       16530.689,     -2.03637,      1.05493,     -3.31793
       16530.777,     -2.93619,     0.960833,     -3.34210
       16530.864,     -2.43176,     0.922868,     -3.48904
       16531.706,     -3.23304,     0.930160,     -3.53928
       16531.806,     -4.11165,     0.866742,     -3.40286
       16531.899,     -3.13814,     0.918212,     -3.09488
       16532.713,     -3.05591,      1.00283,     -3.25002
       16532.767,     -3.89538,     0.994546,     -3.24836
       16532.894,     -3.06994,     0.936107,     -3.42925
       16533.689,     -3.03454,     0.925841,     -3.44741
       16533.776,     -3.10070,      1.11630,     -3.78133
       16533.875,     -3.74293,      1.07027,     -3.77207
       16537.711,     -2.91791,      1.03754,     -3.32693
       16537.805,     -4.42155,      1.17880,     -3.32972
       16537.918,     -3.43280,      1.16804,     -3.38587
       16537.931,     -7.78486,      1.23153,     -3.82617
       16538.686,     -3.03622,      1.03442,     -4.16631
       16538.804,      1.84058,      1.00598,     -4.30638
       16538.924,     -3.92604,      1.18916,     -4.04043
       16539.715,     -3.68760,      2.15448,     -3.98719
       16539.804,     -7.87784,      1.29493,     -3.86063
       16539.935,     -6.84223,      1.96261,     -3.49504
       16540.824,     -5.28375,      1.28498,     -3.53650
       16541.734,   0.00762188,      1.35333,     -4.00222
       16543.725,     -3.83600,      1.08943,     -3.97456
       16543.804,     -2.04056,      1.20966,     -3.79458
       16543.910,     -3.76337,      1.12547,     -2.96439
       16544.704,     -3.49236,      1.07615,     -2.45260
       16544.752,     -3.28229,      1.15096,     -2.11130
       16544.867,     -3.62173,      1.11872,     -2.53131
       16544.918,     -1.70792,      1.16276,     -2.25172
       16545.663,      1.25430,      1.09757,     -2.27118
       16545.761,     -1.21259,      1.15959,     -2.24562
       16545.835,     -1.52937,      1.02444,     -2.42220
       16545.926,     -4.61247,      1.05723,     -2.32766
       16546.676,    -0.760554,      1.08792,     -2.09418
       16546.751,     -2.25461,      1.07899,     -2.08805
       16546.868,     -3.48222,      1.21981,     -2.04236
       16546.925,     -5.43479,      1.10404,     -2.02093
       16547.826,     -2.24233,      1.19152,     -2.07492
       16547.865,     -1.05338,      1.13989,     -1.64961
       16548.818,     -1.64049,      1.21193,     -1.62702
       16548.846,      1.75684,      1.31804,     -1.75518
       16550.657,    -0.976852,      1.12133,     -1.86585
       16550.692,     -2.12329,     0.970475,     -1.70162
       16550.720,    0.0659347,      1.01116,     -1.60989
       16550.744,    -0.512072,     0.993138,     -1.65451
       16550.768,     -3.66428,      1.11699,     -1.65925
       16551.642,     -4.69959,      1.03981,     -2.20319
       16551.722,     -3.62834,      1.06208,     -2.62763
       16551.777,     -1.23326,      1.22130,     -2.42911
       16551.911,     -1.54418,      1.05272,     -2.82381
       16554.655,     -1.69267,      1.06436,     -2.90793
       16554.729,     -4.22650,      1.15705,     -2.71031
       16554.834,     -5.64567,      1.08615,     -2.49349
       16555.666,    0.0603989,      1.14582,     -2.26234
       16555.714,     -4.27577,      1.22476,     -2.35704
       16556.635,     -1.43738,      1.03701,     -2.11144
       16556.650,     -1.49051,      1.14862,     -2.29189
       16556.852,     -2.31454,      1.14785,     -2.43654
       16556.866,     -1.08565,      1.17929,     -2.09080
       16557.629,     -2.27500,      1.14107,     -2.31301
       16557.643,      1.15740,      1.35198,     -2.17476
       16557.658,     -3.67757,      1.26259,     -2.07819
       16557.672,     -5.81762,      1.27696,     -1.91768
       16557.686,     -1.84253,      1.32359,     -1.84696
       16557.701,     -2.38398,      1.44767,     -1.75818
       16558.627,     -2.75493,      1.14054,     -1.87860
       16558.637,    -0.375199,      1.18620,     -2.22529
       16558.708,     0.275138,      1.21161,     -2.27735
       16558.715,     -1.53656,      1.19854,     -2.23137
       16558.808,    -0.109150,      1.38225,     -2.36863
       16558.817,     -3.59965,      1.44662,     -1.95646
       16558.834,     -2.65609,      1.14802,     -1.82901
       16558.844,     -4.25030,      1.30092,     -1.91070
       16559.634,     -5.31180,      1.30391,     -1.84725
       16559.642,     -3.35242,      1.19567,     -2.10126
       16559.689,      2.14986,      1.21300,     -2.72225
       16559.696,     -1.35292,      1.23713,     -2.56333
       16559.745,     -1.27380,      1.19707,     -2.27531
       16559.754,     0.973089,      1.23426,     -2.15376
       16559.766,     -4.33071,      1.19333,     -1.91128
       16559.774,     -6.94005,      1.21140,     -1.57688
       16560.627,     -1.85148,      1.37273,     -1.68972
       16560.634,     0.512064,      1.40687,     -1.85129
       16560.707,     -2.91324,      1.38328,     -1.93643
       16560.715,     -2.64450,      1.44345,     -2.09762
       16560.772,     0.326003,      2.10300,     -1.76244
       16560.786,     0.908582,      1.82378,     -1.28311
       16560.845,     -3.13011,      1.30590,     -1.20916
       16560.853,     -2.21042,      1.45080,     -1.27109
       16561.603,    -0.799941,      1.10979,     -1.40814
       16561.614,    -0.643779,      1.15506,     -1.18575
       16561.800,     -1.66733,      1.23557,     -1.31978
       16561.808,     -1.03806,      1.23762,     -1.50144
       16561.863,    -0.169210,      1.30242,     -1.06081
       16561.873,     -4.42077,      1.28215,    -0.967291
       16562.635,    -0.198171,      1.22058,     -1.09944
       16562.645,     -1.14842,      1.20357,     -1.22943
       16562.817,     -1.08964,      1.24263,     -1.33336
       16562.826,      1.71680,      1.41714,     -1.32154
       16562.903,     -1.18170,      1.26192,     -1.74918
       16562.914,     -2.25355,      1.21107,     -1.53300
       16563.607,     -2.07364,      1.15819,     -1.75141
       16563.618,     -2.81058,      1.11075,     -1.81405
       16563.654,    -0.908099,      1.12979,     -1.77111
       16563.661,     -4.87325,      1.03646,     -2.09515
       16563.746,     -2.04273,      1.19596,     -2.42175
       16563.755,     -2.60065,      1.21833,     -2.73803
       16563.884,     -1.83747,      1.17412,     -2.91585
       16563.893,    -0.617389,      1.14162,     -3.08633
       16564.674,     -1.84756,      1.27152,     -3.23058
       16564.736,     -4.77432,      1.18929,     -3.28073
       16564.743,     -5.73259,      1.26999,     -3.18115
       16564.801,     -4.02976,      1.29354,     -3.23902
       16564.809,     -4.68581,      1.23888,     -3.38150
       16565.621,     -2.49486,      1.31882,     -3.23426
       16565.631,     -5.42485,      1.33172,     -3.49772
       16565.706,    -0.947422,      1.28749,     -3.57793
       16565.713,     -3.23720,      1.28559,     -3.40009
       16567.688,     -3.40476,      1.22627,     -3.51064
       16567.702,      1.00229,      1.19712,     -3.17993
       16567.785,     -4.74562,      1.26687,     -3.60612
       16567.795,     -5.65669,      1.24778,     -3.38096
       16568.600,     -3.77626,      1.14613,     -3.43433
       16568.609,     -5.24583,      1.22718,     -3.46759
       16568.631,     -1.04798,      1.28263,     -3.34729
       16568.641,     -7.18294,      1.13343,     -3.72426
       16568.823,     -2.94815,      1.26783,     -3.97779
       16568.833,     -1.53454,      1.25013,     -3.84076
       16569.611,     -3.60299,      1.06217,     -3.66186
       16569.620,     -2.08146,      1.27344,     -3.43985
       16569.629,     -3.14437,      1.25721,     -3.85738
       16569.637,     -7.53452,      1.25529,     -3.98417
       16569.646,     -4.14931,      1.32803,     -3.36404
       16569.655,     -1.80836,      1.32760,     -3.42689
       16569.664,     -2.80377,      1.21648,     -3.44371
       16569.819,     -5.64074,      1.52097,     -3.44961
       16569.831,     -8.57763,      1.65067,     -3.55448
       16569.871,      3.87325,      1.37245,     -3.13998
       16569.884,     -2.22588,      1.33472,     -3.10212
       16570.618,     -3.78802,      1.21965,     -3.17160
       16570.629,     -2.14635,      1.25489,     -3.22936
       16570.668,     -4.29799,      1.19928,     -2.92332
       16570.689,     -2.97496,      1.21625,     -2.64399
       16572.614,     -3.73288,      1.17104,     -3.27091
       16572.636,     -2.57261,      1.19973,     -3.21269
       16572.696,     -3.43918,      1.11420,     -3.17628
       16572.707,     -2.27429,      1.26902,     -2.88609
       16572.738,     -5.50502,      1.27709,     -2.45496
       16572.749,     -3.02281,      1.23170,     -2.32839
       16573.619,     -1.58545,      1.33614,     -2.26959
       16573.650,     -3.38751,      1.28134,     -2.17349
       16575.582,      1.04567,      1.19147,     -1.80557
       16575.607,     0.444482,      1.19353,     -1.39518
       16577.578,     -1.58273,      1.10031,     -1.35672
       16577.608,     -3.08608,      1.22877,     -1.35322
       16577.618,     -1.51554,      1.22292,     -1.71571
       16578.540,     0.607967,      1.29357,     -1.78434
       16578.569,      2.24005,      1.12281,     -1.95151
       16580.695,     -5.08199,      1.12551,     -1.60847
       16580.715,     -2.98431,      1.13683,     -1.40284
       16581.718,     -5.57284,      1.12933,     -1.32372
       16581.749,     -4.14242,      1.18487,     -1.01555
       16582.547,    -0.793260,      1.16537,     -1.41238
       16582.574,      4.21793,      1.13529,     -1.44712
       16583.552,     0.679278,      1.11969,     -1.21965
       16583.582,     -2.21580,      1.28276,     -1.47384
       16584.734,      1.87437,      1.52410,     -1.21333
       16584.749,     -3.75723,      1.86717,     -1.01952
       16585.550,      1.85795,      1.17776,     -1.13194
       16585.575,     -2.57986,      1.13460,     -1.46882
       16591.736,     -5.78038,      1.17951,     -1.58825
       16591.761,     -2.70715,      1.26297,     -1.56921
       16592.538,     -2.01056,      1.20708,     -2.07347
       16592.566,     -2.02987,      1.13805,     -1.94547
       16594.518,     0.512265,      1.20847,     -2.29901
       16594.635,    -0.634482,      1.26059,     -2.25267
       16595.527,     -2.00630,      1.11245,     -1.97709
       16595.638,     -3.67257,      1.77188,     -1.99714
       16600.514,     -2.34921,      1.17695,     -1.95163
       16600.540,     -2.03096,      1.20880,     -1.79944
       16601.515,     -2.07020,      1.27135,     -2.25098
       16601.542,     -2.74900,      1.15798,     -2.70163
       16603.524,     -2.92767,      1.14698,     -2.65871
       16603.552,     -1.50996,      1.21767,     -2.52082
       16604.530,    -0.355703,      1.17774,     -2.63286
       16604.557,     -4.45467,      1.13085,     -2.89676
       16606.575,     -5.59165,      1.22769,     -2.94631
       16606.609,     -1.53419,      1.47156,     -2.79201
       16607.525,     -2.15584,      1.23783,     -2.23580
       16607.656,     -3.58165,      1.21185,     -2.17819
       16609.526,     -4.93387,      1.21985,     -2.17315
       16609.648,     -2.61521,      1.27118,     -1.37737
       16610.528,     -1.05166,      1.29683,    -0.937300
       16611.694,      3.19065,      1.37495,    -0.839944
       16611.772,    -0.876339,      1.75608,    -0.573743
       16612.512,    -0.300261,      1.08014,    -0.375946
       16612.538,      4.29894,      1.24635,    -0.209956
       16613.565,    -0.750865,      1.19892,    0.0973393
       16613.592,    -0.463272,      1.11373,     0.151417
       16615.701,     0.772365,      1.24969,    -0.894004
       16616.547,     -1.40588,      1.34697,    -0.702291
       16616.681,     -3.10799,      1.25930,    -0.787097
       16618.535,     0.765036,      1.47045,     -1.52372
       16619.532,    -0.456808,      1.48549,     -1.51117
       16620.520,     -8.30898,      1.89802,     -1.74739
       16620.551,      1.23251,      1.48653,     -1.55979
       16621.524,     -1.23312,      1.29351,     -1.54053
       16621.700,     -3.80397,      1.34498,     -1.92525
       16622.514,    -0.612725,      1.21257,     -2.14846
       16622.542,     -3.06171,      1.19504,     -2.12936
       16626.673,      2.83589,      1.59127,     -1.27329
       16626.702,     -1.19392,      1.29913,     -1.08663
       16627.565,     -7.33999,      1.69968,    -0.270295
       16627.596,     -1.69019,      1.84570,    0.0790965
       16628.680,    -0.246752,      2.19096,    0.0936250
       16630.546,      1.10783,      1.56684,     0.346196
       16630.577,      3.28573,      1.48382,    -0.493432
       16631.661,      7.74655,      1.99760,     0.255219
       16633.625,    0.0393403,      2.58737,     0.398932
       16633.662,    -0.452913,      2.53535,     0.728083
       16636.626,    -0.283424,      1.91386,     0.530059
       16636.665,     -6.40002,      1.97434,     0.501890
       16637.660,      7.04124,      2.45866,   -0.0525425
       16639.689,     -5.75914,      2.51285,     -1.02587
       16639.721,      1.93047,      1.56131,     -1.15864
       16640.624,     -2.42501,      1.81213,     -1.04263
       16640.655,     0.797969,      1.81219,     -1.08536
       16641.526,     -2.81302,      1.69514,    -0.752788
       16641.556,     -2.96002,      1.73161,     -1.52042
       16642.612,     -1.42116,      2.10461,     -1.24853
       16643.646,     0.823234,      1.81155,     -1.40714
       16643.678,    -0.753509,      2.05700,    -0.923845
       16645.689,     -2.74171,      1.82360,     -1.41197
       16647.641,     -1.40269,      1.89461,     -1.15828
       16647.677,     -2.76840,      1.82884,    -0.918193
       16648.537,     0.185783,      1.70366,    -0.884801
       16648.568,      2.89124,      1.97151,     -1.32134
       16649.640,     -4.57136,      1.82485,     -1.73761
       16649.670,   -0.0224466,      1.81656,     -1.49793
       16655.540,    -0.319107,      1.14897,     -1.67934
       16655.551,     -1.05384,      1.10815,     -1.83785
       16659.635,     -3.97866,      1.01062,     -2.11299
       16659.654,     -5.33255,      1.10070,     -2.82676
       16662.551,    -0.105203,      1.24882,     -2.96549
       16662.562,     -3.39815,      1.08666,     -3.41806
       16663.531,     -4.51201,      1.23271,     -3.69493
       16663.540,     -2.84083,      1.19313,     -3.88378
       16664.534,     -4.96019,      1.29319,     -3.82633
       16664.546,     -6.09739,      1.17996,     -3.65296
