1.403284435200000048e+09 -1.257521973644259106e+00
1.403285385599999905e+09 -1.254776237156704610e+00
1.403286249599999905e+09 -1.252279874003477289e+00
1.403287200000000000e+09 -1.249533606589750434e+00
1.403370662400000095e+09 -1.006679154707626367e+00
1.403371526400000095e+09 -1.004142156955651899e+00
1.403372476799999952e+09 -1.001350797739519294e+00
1.403373427200000048e+09 -9.985587418844374952e-01
1.403452483200000048e+09 -7.635881439763920753e-01
1.403453347200000048e+09 -7.609881845768882158e-01
1.403454297599999905e+09 -7.581273971282485036e-01
1.403455161599999905e+09 -7.555259245276033653e-01
1.403536032000000000e+09 -5.089130906342234084e-01
1.403536982399999857e+09 -5.059804948724035967e-01
1.403537846400000095e+09 -5.033138811822936987e-01
1.403538796799999952e+09 -5.003799307272629449e-01
1.403625456000000000e+09 -2.306155347067715411e-01
1.403626320000000000e+09 -2.279127975472192702e-01
1.403627184000000000e+09 -2.252100190441979066e-01
1.403628048000000000e+09 -2.225072067323026204e-01
1.403880854399999857e+09 5.244838502004540715e-01
1.403881804799999952e+09 5.269093466750973676e-01
1.403882755200000048e+09 5.293300344697513538e-01
1.403883619200000048e+09 5.315264663319680949e-01
1.403970969600000143e+09 7.296471784509321878e-01
1.404061516799999952e+09 8.708827420064721991e-01
1.404062467200000048e+09 8.719441843209665421e-01
1.404063417600000143e+09 8.729961175234279835e-01
1.404064281600000143e+09 8.739441497955340310e-01
1.404138585599999905e+09 9.242488060239679726e-01
1.404139536000000000e+09 9.244712598683690885e-01
1.404140400000000000e+09 9.246638349496834053e-01
1.404141350400000095e+09 9.248650306666377219e-01
1.404315273599999905e+09 7.614425541480613902e-01
1.404316051200000048e+09 7.597856362219204129e-01
1.404316915200000048e+09 7.579348930512423976e-01
1.404317779200000048e+09 7.560739186004639123e-01
1.404403142399999857e+09 5.228136138591139570e-01
1.404404006399999857e+09 5.199674506079645653e-01
1.404404870399999857e+09 5.171119416926899248e-01
1.404405734400000095e+09 5.142471008346092276e-01
1.404579225599999905e+09 -2.249430164633281493e-01
1.404580176000000000e+09 -2.297207427320699935e-01
1.404581040000000000e+09 -2.340691356184834149e-01
1.404581990400000095e+09 -2.388578369524338996e-01
1.404662342399999857e+09 -6.601453620693860103e-01
1.404663292799999952e+09 -6.652701495444830471e-01
1.404664156799999952e+09 -6.699308345480403659e-01
1.404665107200000048e+09 -6.750595129610132972e-01
1.404829008000000000e+09 -1.550811402315730447e+00
1.404829872000000000e+09 -1.555180242639153221e+00
1.404830649599999905e+09 -1.559108236455642782e+00
1.404831427200000048e+09 -1.563032453661151067e+00
1.405088640000000000e+09 -2.543629212622306568e+00
1.405089504000000000e+09 -2.545577632615561470e+00
1.405090368000000000e+09 -2.547515858214921991e+00
1.405091232000000000e+09 -2.549443884749621247e+00
1.405174089599999905e+09 -2.686600423801678517e+00
1.405175040000000000e+09 -2.687625428957574059e+00
1.405175904000000000e+09 -2.688546537985644136e+00
1.405176854399999857e+09 -2.689547978091979985e+00
1.405259452799999952e+09 -2.730400818013606568e+00
1.405260316799999952e+09 -2.730358604851119253e+00
1.405261267200000048e+09 -2.730301321021102012e+00
1.405262217600000143e+09 -2.730232686370470674e+00
1.405349136000000000e+09 -2.678291390580000098e+00
1.405350000000000000e+09 -2.677347016263354362e+00
1.405350950400000095e+09 -2.676299097775768132e+00
1.405351814400000095e+09 -2.675338184071279102e+00
1.405431648000000000e+09 -2.554994333064826151e+00
1.405432598400000095e+09 -2.553215062192748519e+00
1.405433548799999952e+09 -2.551428347165767718e+00
1.405434412799999952e+09 -2.549797622223366034e+00
1.405603238400000095e+09 -2.137398318200609992e+00
1.405603929600000143e+09 -2.135421454224456284e+00
1.405604620799999952e+09 -2.133442973747378346e+00
1.405605312000000000e+09 -2.131462885073688085e+00
1.405693526400000095e+09 -1.868334226427577960e+00
1.405694390400000095e+09 -1.865680401603981409e+00
1.405695254399999857e+09 -1.863025551451130468e+00
1.405774569600000143e+09 -1.616441023668414800e+00
1.405775347200000048e+09 -1.614008733130503970e+00
1.405776211200000048e+09 -1.611306123081703845e+00
1.405777075200000048e+09 -1.608603452449301585e+00
1.405865635200000048e+09 -1.332543309272296028e+00
1.405866499199999809e+09 -1.329869917263863499e+00
1.405867449599999905e+09 -1.326929818628002522e+00
1.405868313599999905e+09 -1.324257580658979805e+00
1.406292278400000095e+09 -7.514886186004332558e-02
1.406294265599999905e+09 -6.933620063949774703e-02
1.406297376000000000e+09 -6.023254447472936590e-02
1.406302473599999905e+09 -4.529761913295260456e-02
1.406377468799999952e+09 1.768990951989053428e-01
1.406380060799999952e+09 1.846697032374322589e-01
1.406384899199999809e+09 1.991920587808522214e-01
1.406386540799999952e+09 2.041243962178782567e-01
1.406464819200000048e+09 4.422932079100974079e-01
1.406466460799999952e+09 4.473473454593204224e-01
1.406469571200000048e+09 4.569296873234520717e-01
1.406471904000000000e+09 4.641216016607927486e-01
1.406550268799999952e+09 7.077584424408200903e-01
1.406553465599999905e+09 7.177538714179831913e-01
1.406558304000000000e+09 7.328853306407836499e-01
1.406562019200000048e+09 7.445060939962218072e-01
1.406642803200000048e+09 9.963048162367158511e-01
1.406647641599999905e+09 1.011241183692163759e+00
1.406811196799999952e+09 1.484170741590162379e+00
1.406814825599999905e+09 1.493543915515147091e+00
1.406821564799999952e+09 1.510768764719898627e+00
1.406822774400000095e+09 1.513834767404546255e+00
1.406898201599999905e+09 1.687280122727486287e+00
1.406904508799999952e+09 1.699991880349273288e+00
1.406906323200000048e+09 1.703591402945562550e+00
1.406910038400000095e+09 1.710880793592025384e+00
1.406983392000000000e+09 1.830325711046384640e+00
1.406987539200000048e+09 1.835562423485896488e+00
1.406989353599999905e+09 1.837798465158641648e+00
1.406994192000000000e+09 1.843595952628390933e+00
1.407069360000000000e+09 1.900690638715104797e+00
1.407072211200000048e+09 1.901563209055836978e+00
1.407079814400000095e+09 1.903403100471109610e+00
1.407328300800000191e+09 1.541118900568505978e+00
1.407331670399999857e+09 1.530495560937993105e+00
1.407338755200000048e+09 1.507689096758724645e+00
1.407414700800000191e+09 1.225288356400596967e+00
1.407419884799999952e+09 1.203649241066102604e+00
1.407421785599999905e+09 1.195644959133460361e+00
1.407423081600000143e+09 1.190166173637408065e+00
1.407500841599999905e+09 8.328734760526685932e-01
1.407504384000000000e+09 8.154164511719841357e-01
1.407506284799999952e+09 8.060129568658567223e-01
1.407511468799999952e+09 7.802410970634809928e-01
1.407587241599999905e+09 3.864859602845740483e-01
1.407590524799999952e+09 3.688807088175281024e-01
1.407597868799999952e+09 3.293934812921293087e-01
1.407938889599999905e+09 -1.316940943998815783e+00
1.407940963200000048e+09 -1.323976013151821007e+00
1.407942950400000095e+09 -1.330668009949079078e+00
1.408020451200000048e+09 -1.551947353052469225e+00
1.408021488000000000e+09 -1.554366047609846646e+00
1.408023993600000143e+09 -1.560150797192989103e+00
1.408025289599999905e+09 -1.563109333621753194e+00
1.408106246400000095e+09 -1.702126971302448055e+00
1.408109529600000143e+09 -1.705860072574012065e+00
1.408192732799999952e+09 -1.752105722451403835e+00
1.408197916799999952e+09 -1.751993756673869029e+00
1.408199731200000048e+09 -1.751874546336068761e+00
1.408200940799999952e+09 -1.751772111915158803e+00
1.408279478400000095e+09 -1.707545682830982514e+00
1.408282243200000048e+09 -1.704709529318847672e+00
1.408284662400000095e+09 -1.702160768465773799e+00
1.408286995200000048e+09 -1.699644059055174239e+00
1.408711305600000143e+09 -6.407786480381219008e-01
1.408713638400000095e+09 -6.334818020197303667e-01
1.408716748799999952e+09 -6.237519957678614446e-01
1.408717872000000000e+09 -6.202383289752901874e-01
1.408797792000000000e+09 -3.710331869113474568e-01
1.408799692799999952e+09 -3.651450150340451728e-01
1.408801593600000143e+09 -3.592594013755956439e-01
1.408970678400000095e+09 1.515068604895759563e-01
1.408972752000000000e+09 1.576096336185059954e-01
1.408974825599999905e+09 1.637089840080534486e-01
1.409056300800000191e+09 4.010984658194161057e-01
1.409058115200000048e+09 4.063459147360504176e-01
1.409143219200000048e+09 6.518193816891653114e-01
1.409145120000000000e+09 6.573032251049539809e-01
1.409230656000000000e+09 9.054901781936450789e-01
1.409232470399999857e+09 9.107982667783289799e-01
1.409316019200000048e+09 1.158112420683664823e+00
1.409318179200000048e+09 1.164589444248463224e+00
1.409320166399999857e+09 1.170552252518746172e+00
1.409403024000000000e+09 1.422519846900797802e+00
1.409406048000000000e+09 1.431833332951043758e+00
1.409576515200000048e+09 1.962648279495795123e+00
1.409577465599999905e+09 1.965588334715107521e+00
1.409579193600000143e+09 1.970931428768835758e+00
1.409748710400000095e+09 2.462311596512506640e+00
1.409749660799999952e+09 2.464773429070362454e+00
1.409751820799999952e+09 2.470351280868555932e+00
1.409752771200000048e+09 2.472797901335866300e+00
1.409834419200000048e+09 2.662818007061559911e+00
1.409835283200000048e+09 2.664586564534033641e+00
1.409837788799999952e+09 2.669683157786209904e+00
1.409838652799999952e+09 2.671429431361843854e+00
1.409920128000000000e+09 2.807577687612933914e+00
1.409921078400000095e+09 2.808801432741347526e+00
1.409923411200000048e+09 2.811766505214848166e+00
1.409924361599999905e+09 2.812958685332489495e+00
1.410006873599999905e+09 2.879027499445214744e+00
1.410007737599999905e+09 2.879303286512765681e+00
1.410009292799999952e+09 2.879776783879947288e+00
1.410010156799999952e+09 2.880027081721152626e+00
1.410180969600000143e+09 2.737752598489294087e+00
1.410181833600000143e+09 2.736023876267097421e+00
1.410183648000000000e+09 2.732360131247730806e+00
1.410266505600000143e+09 2.517587664625295929e+00
1.410267456000000000e+09 2.514598664545189877e+00
1.410269616000000000e+09 2.507762656242334742e+00
1.410353078400000095e+09 2.200425253532387160e+00
1.410354028799999952e+09 2.196471361083808915e+00
1.410356534400000095e+09 2.186002221569879111e+00
1.410783955200000048e+09 2.584695820377191922e-02
1.410784560000000000e+09 2.317073891640575312e-02
1.410785164799999952e+09 2.049801706988318983e-02
1.410785769600000143e+09 1.782880087370131150e-02
1.410786374400000095e+09 1.516309852155472981e-02
1.410870355200000048e+09 -3.174543219190013588e-01
1.410871046400000095e+09 -3.198572723674715235e-01
1.410871651200000048e+09 -3.219550703868776509e-01
1.410872256000000000e+09 -3.240483982363571158e-01
1.410872860799999952e+09 -3.261372507316764313e-01
1.410956928000000000e+09 -5.709457505552677503e-01
1.410957619200000048e+09 -5.725703989785415615e-01
1.410958224000000000e+09 -5.739866364082217842e-01
1.410958828799999952e+09 -5.753978972580853224e-01
1.411043932799999952e+09 -7.238622548844091398e-01
1.411044624000000000e+09 -7.246596254109363144e-01
1.411045142399999857e+09 -7.252533566241368135e-01
1.411045833600000143e+09 -7.260392709000029754e-01
1.411129814400000095e+09 -7.737333750158654766e-01
1.411130419200000048e+09 -7.737417928826175739e-01
1.411131024000000000e+09 -7.737455744795624923e-01
1.411131628799999952e+09 -7.737447237026344737e-01
1.411132233600000143e+09 -7.737392444635702304e-01
1.411475155200000048e+09 -1.900363943952356749e-01
1.411475760000000000e+09 -1.883135473422612449e-01
1.411476364799999952e+09 -1.865894315112655022e-01
1.411476969600000143e+09 -1.848640525084306319e-01
