1.559246119622599963e+03 1.887596209710655785e+03
1.559266553944609996e+03 1.809598388367609232e+03
1.559286988366845890e+03 1.665913067024562906e+03
1.559307422589205089e+03 1.559415245681516581e+03
1.559327856911914068e+03 1.417167424338470255e+03
1.559348291334848909e+03 1.319419602995423702e+03
1.559368725557905918e+03 1.192046781652377376e+03
1.559389159981313924e+03 1.093173960309331051e+03
1.559409594304946950e+03 1.033238638966284725e+03
1.559430028628820082e+03 9.129283176232383994e+02
1.559450462952926046e+03 8.130554962801920738e+02
1.559470897277257109e+03 7.196826749371457481e+02
1.559491331601828051e+03 6.069973535940993088e+02
1.559511765926632961e+03 4.883745322510529832e+02
1.559532200251662061e+03 4.711892109080066575e+02
1.559552634576931951e+03 3.994413895649603319e+02
1.559573068902434898e+03 3.075060682219138926e+02
1.559593503228162945e+03 2.351332468788675669e+02
1.559613937554132008e+03 1.783854255358212413e+02
1.559634371880332992e+03 1.782510419277491565e+01
1.559654806206759986e+03 -6.179771715027152368e+01
1.559675240633426938e+03 -6.479553849331784932e+01
1.559695674860326108e+03 -1.293558598363641750e+02
1.559716109187450911e+03 -2.099786811794105006e+02
1.559736543614933908e+03 -2.853515025224569399e+02
1.559756977842530887e+03 -3.749743238655032656e+02
1.559777412270356081e+03 -3.779096452085495912e+02
1.559797846598419937e+03 -4.360949665515960305e+02
1.559818280826832051e+03 -4.714677878946423562e+02
1.559838715255355055e+03 -5.497156092376886818e+02
1.559859149584116949e+03 -6.692134305807350074e+02
1.559879583813228010e+03 -6.847112519237814467e+02
1.559900018242449960e+03 -6.571465732668277724e+02
1.559920452571911028e+03 -7.192068946098740980e+02
1.559940887001713918e+03 -7.350797159529204237e+02
1.559961321231640113e+03 -7.897025372959668630e+02
1.559981755561798991e+03 -7.616378586390131886e+02
1.560002189992301055e+03 -8.238231799820595143e+02
1.560022624222925970e+03 -8.235085013251059536e+02
1.560043058553783112e+03 -8.552563226681522792e+02
1.560063492984983895e+03 -8.642541440111986049e+02
1.560083927216307075e+03 -8.935019653542449305e+02
1.560104361647980113e+03 -8.957497866972913698e+02
1.560124795979761984e+03 -8.709976080403376955e+02
1.560145230211782973e+03 -9.040579293833840211e+02
1.560165664644154958e+03 -9.028057507264303467e+02
1.560186098976636003e+03 -9.171160720694767861e+02
1.560206533209355030e+03 -8.509263934125231117e+02
1.560226967642425961e+03 -9.221117147555694373e+02
1.560247401975605044e+03 -9.138595360986158767e+02
1.560267836209138977e+03 -9.666698574416622023e+02
1.560288270642791986e+03 -8.938551787847085279e+02
1.560308704976669105e+03 -9.200405001277548536e+02
1.560329139310902974e+03 -8.921008214708012929e+02
1.560349573645253031e+03 -8.949736428138476185e+02
1.560370007979945967e+03 -5.144089641568939442e+02
1.560390442414761992e+03 -8.246567854999402698e+02
1.560410876649810007e+03 -8.743421068429867091e+02
1.560431310985200980e+03 -8.120899281860330348e+02
1.560451745420715952e+03 -7.874627495290793604e+02
1.560472179656462913e+03 -7.933355708721257997e+02
1.560492614092552913e+03 -7.678958922151721254e+02
1.560513048428766069e+03 -8.104562135582184510e+02
1.560533482665211068e+03 -7.392040349012647766e+02
1.560553917101882917e+03 -7.758893562443112160e+02
1.560574351438910981e+03 -7.471996775873575416e+02
1.560594785676054016e+03 -7.251349989304038672e+02
1.560615220113425039e+03 -7.106953202734501929e+02
1.560635654451034043e+03 -6.658181416164966322e+02
1.560656088788877014e+03 -7.122534629595429578e+02
1.560676523126945995e+03 -6.367512843025892835e+02
1.560696957465369906e+03 -5.948116056456356091e+02
1.560737826142677932e+03 -5.551844269886820484e+02
1.560758260481685056e+03 -6.152447483317283741e+02
1.560778694920918042e+03 -5.314300696747746997e+02
1.560799129160390066e+03 -4.874278910178211390e+02
1.560819563500095910e+03 -5.625507123608674647e+02
1.560839997940026933e+03 -4.952985337039137903e+02
1.560962603984414955e+03 -2.951088550469601159e+02
1.560983038225982000e+03 -3.283566763900065553e+02
1.561003472667667893e+03 -2.474169977330528809e+02
1.561023907009694085e+03 -2.300398190760992065e+02
1.561044341451960918e+03 -2.737876404191455322e+02
1.561064775694344007e+03 -2.564104617621919715e+02
1.561085210037068009e+03 -2.244707831052382971e+02
1.561105644480034016e+03 -2.523436044482846228e+02
1.561126078723114915e+03 -2.333414257913310621e+02
1.561146513066538091e+03 -2.050892471343773877e+02
1.561166947510085947e+03 -1.658995684774237134e+02
1.561187381753865111e+03 -1.955223898204700390e+02
1.561207816097987006e+03 -1.860202111635164783e+02
1.561228250542234036e+03 -1.561430325065628040e+02
1.561248684786711010e+03 -8.864085384960912961e+01
1.561269119231415971e+03 -2.663867519265545525e+01
1.561289553576476010e+03 -6.448996535701894572e+00
1.561309987921652919e+03 -1.600931787874822021e+01
1.561330422267056065e+03 -2.119463922179454585e+01
1.561350856612697953e+03 1.743253943515901483e+01
1.561371290958574036e+03 -5.412778190788731081e+01
1.561391725304674992e+03 1.393689674906636355e+01
1.561412159651016054e+03 -2.368592459397996208e+01
1.561432594097467017e+03 1.744125406297359859e+01
1.561453028344272980e+03 4.019343271992727296e+01
1.561473462691312079e+03 4.407061137688094732e+01
1.561493897038584919e+03 9.357279003383462168e+01
1.561514331385965988e+03 9.919996869078818236e+01
1.561534765733704035e+03 8.188964734774185672e+01
1.561555200181551982e+03 5.632932600469553108e+01
1.561575634429754928e+03 9.976900466164920545e+01
1.561596068778075050e+03 1.102711833186027661e+02
1.561616503226628993e+03 8.727336197555644048e+01
1.561636937475522927e+03 6.577554063251011485e+01
1.561657371924542986e+03 1.209027192894636755e+02
1.561677806273786928e+03 6.015489794641734989e+01
1.561698240523269988e+03 1.185320766033710242e+02
1.561718674972988083e+03 5.809675526032469861e+01
1.561739109322938020e+03 9.666143391727825929e+01
1.561759543573112978e+03 9.428861257423193365e+01
1.561779978023529111e+03 7.629079123118560801e+01
1.561800412374170037e+03 1.031054698881392824e+02
1.561820846824936098e+03 4.798264854509284305e+01
1.561841281076048972e+03 -9.515172797953482586e+00
1.561861715427279933e+03 -1.320049414099980822e+01
1.561882149878852942e+03 -3.682331548404613386e+01
1.561902584130547893e+03 -2.407113682709257318e+01
1.561923018482586031e+03 -7.256895817013889882e+01
1.561943452934749075e+03 -1.271917795131852245e+02
1.561963887187142973e+03 -1.625021008562316638e+02
1.561984321539770008e+03 -2.592499221992779894e+02
1.562004755992624041e+03 -2.709352435423243151e+02
1.562025190345716965e+03 -3.045580648853706407e+02
1.562045624699035898e+03 -3.972433862284170800e+02
1.562066059052594937e+03 -4.265537075714634057e+02
1.562086493306386046e+03 -4.797390289145097313e+02
1.562106927760404005e+03 -5.654243502575561706e+02
1.562127362114544894e+03 -6.289221716006024963e+02
1.562147796369034040e+03 -6.273574929436488219e+02
1.562168230823634076e+03 -7.094178142866951475e+02
1.562188665178473002e+03 -7.894781356297415869e+02
1.562209099633663072e+03 -8.564134569727879125e+02
1.562229533888960077e+03 -9.263487783158342381e+02
1.562249968244497950e+03 -1.005534099658880564e+03
1.562270402700268960e+03 -1.067906921001927003e+03
1.562290836956264911e+03 -1.178529742344973329e+03
1.562311271312501049e+03 -1.235277563688019654e+03
1.562331705768971005e+03 -1.341587885031065980e+03
1.562352140025549033e+03 -1.430335706374112306e+03
1.562372574482483969e+03 -1.496396027717158631e+03
1.562393008839535014e+03 -1.610081349060204957e+03
1.562413443096927949e+03 -1.715016670403251510e+03
1.562433877554446099e+03 -1.847639491746297836e+03
1.562454311912194953e+03 -1.931887313089344161e+03
1.562474746170169965e+03 -2.039447634432390487e+03
1.562495180628385924e+03 -2.133632955775437040e+03
1.562515614986833953e+03 -2.224255777118483365e+03
1.562536049345507990e+03 -2.385691098461529691e+03
1.562556483704421908e+03 -2.463251419804576017e+03
1.562576918063452013e+03 -2.550749241147622342e+03
1.562597352522825986e+03 -2.724872062490668668e+03
1.562617786782436951e+03 -2.770619883833714994e+03
1.562638221142166003e+03 -2.928742705176761319e+03
1.562658655602120916e+03 -3.034428026519807645e+03
1.562679089962316084e+03 -3.175238347862853971e+03
1.562699524222741957e+03 -3.292298669205900296e+03
1.562719958683396044e+03 -3.427171490548947077e+03
1.562740392944288033e+03 -3.534981811891992947e+03
1.562760827405407099e+03 -3.662917133235039728e+03
1.562781261766650005e+03 -3.859102454578085599e+03
1.562801696028240031e+03 -3.936600275921132379e+03
1.562822130489948904e+03 -4.050973097264178705e+03
1.562842564851881889e+03 -4.122845918607225030e+03
1.562862999114171998e+03 -4.282843739950270901e+03
1.562883433576570951e+03 -4.368154061293317682e+03
1.562903867939211068e+03 -4.527464382636364462e+03
1.562924302201965020e+03 -4.669712203979410333e+03
1.562944736665071105e+03 -4.755960025322457113e+03
1.562965171028401983e+03 -4.829457846665502984e+03
1.562985605491855949e+03 -4.958768168008549765e+03
1.563006039755651955e+03 -5.028765989351595636e+03
1.563026474119571958e+03 -5.090513810694642416e+03
1.563046908583725099e+03 -5.259136632037688287e+03
1.563067342848110002e+03 -5.251196953380735067e+03
1.563087777212720994e+03 -5.381694774723780938e+03
1.563108211677571944e+03 -5.467692596066827718e+03
1.563128645942532103e+03 -5.549440417409873589e+03
1.563149080407848942e+03 -5.607500738752920370e+03
1.563169514773283026e+03 -5.696373560095966241e+03
1.563189949139057944e+03 -5.777746381439013021e+03
1.563210383504957008e+03 -5.840056702782059801e+03
1.563230817871087993e+03 -5.883679524125105672e+03
1.563251252237444987e+03 -5.993239845468152453e+03
1.563271686604042998e+03 -6.056175166811198324e+03
1.563292120970756969e+03 -6.110547988154245104e+03
1.563312555337812000e+03 -6.111295809497290975e+03
1.563332989804991939e+03 -6.180606130840337755e+03
1.563353424072520056e+03 -6.173478952183383626e+03
1.563373858440158074e+03 -6.233726773526430406e+03
1.563394292808035971e+03 -6.230037094869476277e+03
1.563414727176146926e+03 -6.261659916212523058e+03
1.563435161644367099e+03 -6.322032737555568929e+03
1.563455595912942954e+03 -6.330780558898615709e+03
1.563476030281635985e+03 -6.287403380241661580e+03
1.563496464750671066e+03 -6.340651201584708360e+03
1.563516899019828998e+03 -6.410399022927755141e+03
1.563537333489221055e+03 -6.313021844270801012e+03
1.563557767858837906e+03 -6.436832165613847792e+03
1.563578202128694102e+03 -6.345704986956893663e+03
1.563598636598660960e+03 -6.405015308299940443e+03
1.563619070968984033e+03 -6.373638129642986314e+03
1.563639505239422078e+03 -6.368385950986033095e+03
1.563659939710094022e+03 -6.338383772329078965e+03
1.563680374081108084e+03 -6.269381593672125746e+03
1.563721242823492958e+03 -6.212566915015171617e+03
1.563741677195095917e+03 -6.260189736358218397e+03
1.563762111666816054e+03 -6.185312557701264268e+03
1.563782545938883914e+03 -6.161247879044311048e+03
1.563802980311061901e+03 -6.125183200387356919e+03
1.563823414783480985e+03 -6.065306021730403700e+03
1.563843849156125088e+03 -5.955553843073450480e+03
1.563864283429008083e+03 -5.937864164416496351e+03
1.563884717902009015e+03 -5.969736985759543131e+03
1.563905152275350929e+03 -5.852422307102589002e+03
1.563925586648816989e+03 -5.836982628445635783e+03
1.563946021022514969e+03 -5.812730449788681653e+03
1.563966455396438960e+03 -5.719790771131728434e+03
1.563986889770603966e+03 -5.592663592474774305e+03
1.564007324144884024e+03 -5.575848913817821085e+03
1.564027758519506961e+03 -5.540409235160866956e+03
1.564048192894254043e+03 -5.499032056503913736e+03
1.564068627269233048e+03 -5.401342377846959607e+03
1.564089061744437913e+03 -5.323652699190006388e+03
1.564109496019882044e+03 -5.264525520533052259e+03
1.564129930395559995e+03 -5.157085841876099039e+03
1.564150364871348074e+03 -5.163833663219145819e+03
1.564170799147490015e+03 -5.086206484562191690e+03
1.564191233523750043e+03 -4.998516805905238471e+03
1.564211668000235932e+03 -4.925639627248284341e+03
1.564232102276961086e+03 -4.846762448591331122e+03
1.564252536653918924e+03 -4.719010269934376993e+03
1.564272971130988026e+03 -4.669195591277423773e+03
1.564293405408293893e+03 -4.589318412620469644e+03
1.564313839885951893e+03 -4.486191233963516424e+03
1.564334274263718044e+03 -4.402001555306562295e+03
1.564354708541606897e+03 -4.372999376649609076e+03
1.564375143019846064e+03 -4.290559697992654947e+03
1.564395577398310934e+03 -4.226745019335701727e+03
1.564416011776899040e+03 -4.128992840678747598e+03
1.564436446155719977e+03 -4.043678162021794378e+03
1.564456880534766015e+03 -3.907488483364840704e+03
1.564477315014054057e+03 -3.838798804707887030e+03
1.564497749393457070e+03 -3.740984126050933355e+03
1.564518183673201065e+03 -3.573231947393979681e+03
1.564538618153070047e+03 -3.512229768737026006e+03
1.564559052533164959e+03 -3.445165090080072332e+03
1.564579486813498079e+03 -3.251662911423119112e+03
1.564599921294066007e+03 -3.176035732766164983e+03
1.564620355674750044e+03 -3.090158554109211764e+03
1.564640789955657965e+03 -2.974343875452258089e+03
1.564661224436923931e+03 -2.846904196795304415e+03
1.564681658718189055e+03 -2.766589518138350741e+03
1.564702093199797901e+03 -2.658774839481397066e+03
1.564722527581644954e+03 -2.502772660824443392e+03
1.564742961863609025e+03 -2.446395482167489718e+03
1.564763396345799038e+03 -2.330018303510536043e+03
1.564783830728229077e+03 -2.208703624853582369e+03
1.564804265010890958e+03 -2.127201446196628694e+03
1.564824699493779917e+03 -2.013449267539675020e+03
1.564845133876792033e+03 -1.862259588882721573e+03
1.564865568360145971e+03 -1.790069910225767899e+03
1.564886002643622987e+03 -1.697130231568814224e+03
1.564906437027216953e+03 -1.568065552911860550e+03
1.564926871511154104e+03 -1.440250874254906876e+03
1.564947305795328930e+03 -1.313873695597953429e+03
1.564967740179622069e+03 -1.272496516940999754e+03
1.564988174664139933e+03 -1.132431838284046080e+03
1.565008608948897972e+03 -1.031242159627092406e+03
1.565029043333772051e+03 -9.271774809701387312e+02
1.565049477818989999e+03 -8.042378023131850568e+02
1.565069912204329967e+03 -6.517981236562313825e+02
1.565090346589902992e+03 -5.314209449992778218e+02
1.565110780975700891e+03 -4.317312663423241474e+02
1.565131215361740033e+03 -3.356040876853704731e+02
1.565151649747894908e+03 -2.014144090284169124e+02
1.565172084134276020e+03 -5.053723037146323804e+01
1.565192518520897011e+03 4.727744828549043632e+01
1.565212953007750912e+03 1.389671269424441107e+02
1.565233387294829072e+03 2.815943055993976714e+02
1.565253821782032901e+03 3.553464842563513457e+02
1.565274256169469027e+03 4.901611629133050201e+02
1.565294690457129036e+03 5.621008415702586944e+02
1.565315124945030902e+03 7.278530202272122551e+02
1.565335559233047888e+03 8.326676988841659295e+02
1.565355993621408061e+03 9.538573775411196038e+02
1.565376428109892004e+03 1.100359556198073278e+03
1.565396862398607027e+03 1.135674234855026953e+03
1.565417296787433088e+03 1.270613913511980627e+03
1.565437731276615978e+03 1.389928592168934301e+03
1.565458165565913077e+03 1.503993270825887748e+03
1.565478600055437937e+03 1.623245449482841423e+03
1.565499034445201914e+03 1.732060128139795097e+03
1.565519468735081091e+03 1.877249806796748771e+03
1.565539903225303988e+03 1.975314485453702218e+03
1.565560337615650042e+03 2.127066664110655893e+03
1.565580772006228926e+03 2.168943842767609567e+03
1.565601206397034048e+03 2.343321021424563241e+03
1.565621640787961951e+03 2.442323200081516916e+03
1.565642075279115943e+03 2.583637878738470590e+03
1.565662509570508973e+03 2.680952557395424265e+03
1.565682943962136051e+03 2.774954736052377939e+03
1.565703378453996038e+03 2.870581914709331613e+03
1.565723812845965085e+03 2.978209093366285288e+03
1.565744247138173023e+03 3.134461272023238962e+03
1.565764681630550058e+03 3.189150950680192182e+03
1.565785116023165983e+03 3.246778129337146311e+03
1.565805550416014967e+03 3.392405307994099530e+03
1.565825984809097008e+03 3.433157486651053659e+03
1.565846419202287962e+03 3.543284665308006879e+03
1.565866853695777991e+03 3.645099343964960553e+03
1.565887287989432934e+03 3.726539022621914228e+03
1.565907722383271903e+03 3.844666201278867902e+03
1.565928156877344009e+03 3.937668379935821577e+03
1.565948591171581938e+03 4.039920558592775251e+03
1.565969025566060964e+03 4.145047737249728925e+03
1.565989459960713930e+03 4.302612415906682145e+03
1.566009894355592905e+03 4.367489594563636274e+03
1.566030328850712976e+03 4.387616773220589494e+03
1.566050763146005920e+03 4.554931451877543623e+03
1.566071197541466972e+03 4.632558630534496842e+03
1.566091632037168893e+03 4.795373309191450971e+03
1.566112066333101893e+03 4.793937987848404191e+03
1.566132500729203002e+03 4.887940166505358320e+03
1.566152935225486999e+03 4.953254845162311540e+03
1.566173369522002986e+03 5.017382023819265669e+03
1.566193804018744913e+03 5.117446702476218888e+03
1.566214238415668888e+03 5.193011381133172108e+03
1.566234672712766042e+03 5.238138559790126237e+03
1.566255107210090955e+03 5.296328238447080366e+03
1.566275541607654077e+03 5.397580417104033586e+03
1.566295976005392959e+03 5.389457595760986806e+03
1.566316410403298960e+03 5.538897274417940935e+03
1.566336844801443931e+03 5.524649453074894154e+03
1.566357279199823097e+03 5.608401631731848283e+03
1.566377713698369917e+03 5.643278810388801503e+03
1.566398147997097112e+03 5.721468489045755632e+03
1.566418582496058889e+03 5.755408167702708852e+03
1.566439016895187024e+03 5.861597846359662981e+03
1.566459451194554049e+03 5.875162525016616200e+03
1.566479885694091081e+03 5.968539703673570330e+03
1.566500320093866094e+03 6.014166882330523549e+03
1.566520754393816105e+03 6.052606560987476769e+03
1.566541188894000015e+03 6.095546239644430898e+03
1.566561623294350056e+03 6.189673418301385027e+03
1.566582057694941113e+03 6.167738096958338247e+03
1.566602492095699063e+03 6.260677775615291466e+03
1.566622926396637922e+03 6.276117454272245595e+03
1.566643360897810908e+03 6.328994632929198815e+03
1.566663795299217099e+03 6.363496811586152944e+03
1.566704664102544029e+03 6.420686490243106164e+03
1.566725098504525022e+03 6.483563668900060293e+03
1.566745532906687004e+03 6.576128347557013512e+03
1.566765967309082043e+03 6.600943026213967642e+03
1.566786401711651934e+03 6.569320204870920861e+03
1.566806836214447912e+03 6.650947383527874990e+03
1.566827270517424040e+03 6.699949562184828210e+03
1.566847704920568958e+03 6.676701740841781429e+03
1.566868139424012043e+03 6.725016419498735559e+03
1.566888573827571008e+03 6.671081098155689688e+03
1.566909008131362043e+03 6.806520776812642907e+03
1.566929442635323085e+03 6.816585455469596127e+03
1.566949877039522107e+03 6.881712634126550256e+03
1.566970311443888932e+03 6.849152312783503476e+03
1.566990745848438110e+03 6.838716991440457605e+03
1.567011180253218981e+03 6.915594170097410824e+03
1.567031614658226090e+03 6.860221348754364953e+03
1.567052049063415097e+03 6.853536027411318173e+03
1.567072483468778955e+03 6.867100706068272302e+03
1.567092917974368902e+03 6.898915384725225522e+03
1.567113352280138997e+03 6.873417563382179651e+03
1.567133786786085921e+03 6.880919742039132871e+03
1.567154221192256955e+03 6.901359420696086090e+03
1.567174655498668017e+03 6.855299099353040219e+03
1.567195090005196107e+03 6.818301278009994348e+03
1.567215524412008108e+03 6.803740956666947568e+03
1.567235958718941902e+03 6.825243135323900788e+03
1.567256393226110958e+03 6.771807813980854917e+03
1.567276827533504047e+03 6.757684992637808136e+03
1.567297261941020906e+03 6.741312171294762265e+03
1.567317696448830020e+03 6.719001849951715485e+03
1.567338130756746978e+03 6.726754028608669614e+03
1.567358565264905110e+03 6.670631207265622834e+03
1.567378999673295993e+03 6.683258385922576963e+03
1.567399433981795028e+03 6.608260564579530183e+03
1.567419868490592989e+03 6.560325243236484312e+03
1.567440302899507969e+03 6.476952421893437531e+03
1.567460737308646912e+03 6.453454600550390751e+03
1.567481171717968891e+03 6.397456779207344880e+03
1.567501606127523928e+03 6.354646457864299009e+03
1.567522040637245937e+03 6.308086136521252229e+03
1.567542474947207893e+03 6.255025815178205448e+03
1.567562909357344097e+03 6.203840493835159577e+03
1.567583343867649091e+03 6.164217672492112797e+03
1.567603778278192976e+03 6.122469851149066926e+03
1.567624212588910950e+03 6.069534529806020146e+03
1.567644647099798021e+03 5.972286708462974275e+03
1.567665081510923983e+03 5.970038887119927494e+03
1.567685515822224033e+03 5.873603565776881624e+03
1.567705950333750934e+03 5.821043244433834843e+03
1.567726384745400992e+03 5.698482923090788972e+03
1.567746819257336028e+03 5.686922601747742192e+03
1.567767253569393006e+03 5.588674780404695412e+03
1.567787687981682893e+03 5.543676959061649541e+03
1.567808122494200006e+03 5.453491637718603670e+03
1.567828556806839060e+03 5.370806316375556889e+03
1.567848991219711024e+03 5.281808495032510109e+03
1.567869425732752006e+03 5.234810673689464238e+03
1.567889860046030890e+03 5.135000352346417458e+03
1.567910294559485919e+03 5.065565031003371587e+03
1.567930728873164981e+03 4.976379709660324806e+03
1.567951163287026930e+03 4.876256888317278936e+03
1.567971597801064036e+03 4.800946566974232155e+03
1.567992032115274924e+03 4.642948745631186284e+03
1.568012466529711901e+03 4.570513424288139504e+03
1.568032901044331084e+03 4.479953102945093633e+03
1.568053335359116090e+03 4.347705281602046853e+03
1.568073769774141965e+03 4.267644960259000072e+03
1.568094204289401887e+03 4.199709638915954201e+03
1.568114638704769959e+03 4.070774317572907876e+03
1.568135073120377911e+03 4.000088996229861550e+03
1.568155507536160940e+03 3.914528674886815224e+03
1.568175941952169978e+03 3.794155853543768899e+03
1.568196376368302026e+03 3.691533032200722118e+03
1.568216810784665995e+03 3.658347710857676248e+03
1.568237245201257110e+03 3.549912389514629467e+03
1.568257679718029976e+03 3.426914568171583596e+03
1.568278114034975943e+03 3.302854246828536816e+03
1.568298548552091006e+03 3.190481425485490490e+03
1.568318982969446097e+03 3.066483604142444165e+03
1.568339417286973912e+03 3.009860782799397839e+03
1.568359851804671052e+03 2.846237961456351513e+03
1.568380286222607992e+03 2.738677640113305188e+03
1.568400720540718112e+03 2.622929818770258862e+03
1.568421155058997101e+03 2.518994497427212536e+03
1.568441589477515890e+03 2.435996676084166211e+03
1.568462023796150106e+03 2.336373854741119885e+03
1.568482458315068925e+03 2.240813533398073560e+03
1.568502892734112038e+03 2.124503212055026779e+03
1.568523327253381012e+03 2.023442890711980681e+03
1.568543761572829908e+03 1.910507569368934355e+03
1.568564195892452972e+03 1.858509748025888030e+03
1.568584630412311981e+03 1.707011926682841477e+03
1.568605064832335984e+03 1.669076605339795151e+03
1.568625499252543023e+03 1.500203783996748825e+03
1.568645933672916954e+03 1.371330962653702500e+03
1.568666368093530991e+03 1.276145641310656174e+03
1.568686802614377939e+03 1.211335319967609848e+03
1.568707236935340916e+03 1.101462498624563523e+03
1.568727671356472001e+03 1.015652177281517197e+03
1.568748105877843045e+03 8.812793559384707578e+02
1.568768540299380902e+03 7.780315345954244322e+02
1.568788974621159014e+03 6.510962132523779928e+02
1.568809409143111907e+03 5.525983919093316672e+02
1.568829843565232068e+03 4.766630705662853416e+02
1.568850277987533900e+03 3.696652492232390159e+02
1.568870712410069018e+03 2.529174278801926903e+02
1.568891146832713048e+03 1.466071065371463646e+02
1.568911581355597946e+03 4.310928519409992532e+01
1.568932015678713924e+03 -4.188853614894640032e+01
1.568952450101940030e+03 -9.088635749199283964e+01
1.568972884625407005e+03 -1.916341788350391653e+02
1.568993318949047989e+03 -2.356945001780854909e+02
1.569013753372913925e+03 -3.479423215211318166e+02
1.569034187896904996e+03 -4.611276428641781422e+02
1.569054622221126920e+03 -5.253754642072245815e+02
1.569075056745517941e+03 -6.181857855502709072e+02
1.569095491170148080e+03 -7.075586068933172328e+02
1.569115925494894100e+03 -7.334939282363636721e+02
1.569136360019866970e+03 -8.346792495794099978e+02
1.569156794445021887e+03 -9.023645709224563234e+02
1.569177228770349984e+03 -9.794873922655026490e+02
1.569197663295904931e+03 -1.030922713608549202e+03
1.569218097621640027e+03 -1.073108034951595528e+03
1.569238532147551950e+03 -1.174918356294641853e+03
1.569258966573630005e+03 -1.220291177637688179e+03
1.569279400899890106e+03 -1.259788998980734505e+03
1.569299835426384107e+03 -1.262536820323780830e+03
1.569320269853044010e+03 -1.265659641666827156e+03
1.569340704279886040e+03 -1.351407463009873481e+03
1.569361138706960901e+03 -1.392842784352919807e+03
1.569381573134146038e+03 -1.441215605695966133e+03
1.569402007561569917e+03 -1.483400927039012686e+03
1.569422441989169101e+03 -1.481523748382059011e+03
1.569442876416934951e+03 -1.492896569725105337e+03
1.569463310944941895e+03 -1.507206891068151663e+03
1.569483745373116108e+03 -1.535642212411197988e+03
1.569504179701471003e+03 -1.552452533754244541e+03
1.569524614230002044e+03 -1.529762855097290867e+03
1.569545048658706946e+03 -1.542073176440337193e+03
1.569565482987637097e+03 -1.591320997783383518e+03
1.569585917516692007e+03 -1.532381319126429844e+03
1.569606351945971028e+03 -1.579691640469476170e+03
1.569626786475434074e+03 -1.559189461812522495e+03
1.569647220805127063e+03 -1.609062283155568821e+03
1.569688089764975075e+03 -1.563122604498615146e+03
1.569708524095193070e+03 -1.533370425841661472e+03
1.569728958525578037e+03 -1.500805747184708025e+03
1.569749393056147028e+03 -1.530366068527754351e+03
1.569769827386945963e+03 -1.495613889870800676e+03
1.569790261817862984e+03 -1.521111711213847002e+03
1.569810696349006093e+03 -1.511109532556893328e+03
1.569831130680330034e+03 -1.513544853899939881e+03
1.569851565211879915e+03 -1.543292675242986206e+03
1.569871999543553102e+03 -1.529415496586032532e+03
1.569892433975400991e+03 -1.501100817929078858e+03
1.569912868507476105e+03 -1.461848639272125183e+03
1.569933302839730004e+03 -1.470971460615171509e+03
1.569953737272161106e+03 -1.436969281958217834e+03
1.569974171804816933e+03 -1.392154603301264160e+03
1.569994606237597054e+03 -1.396027424644310486e+03
1.570015040670609096e+03 -1.295712745987356811e+03
1.570035475103730050e+03 -1.307023067330403364e+03
1.570055909537092020e+03 -1.286645888673449690e+03
1.570076343970685912e+03 -1.267081210016496016e+03
1.570096778404390079e+03 -1.248079031359542341e+03
1.570117212838275009e+03 -1.246451852702588894e+03
1.570137647372393985e+03 -1.183449674045635220e+03
1.570158081706621033e+03 -1.167697495388681546e+03
1.570178516241089028e+03 -1.098382816731727871e+03
1.570198950675731112e+03 -1.085568138074774197e+03
1.570219385010540009e+03 -1.040628459417820523e+03
1.570239819545590080e+03 -9.433137807608668481e+02
1.570260253980756033e+03 -9.333741021039131738e+02
1.570280688316147007e+03 -8.793719234469596131e+02
1.570301122851720947e+03 -8.906197447900059387e+02
1.570321557287410997e+03 -8.041800661330522644e+02
1.570341991623324930e+03 -7.580528874760987037e+02
1.570362426159480947e+03 -7.478007088191450293e+02
1.570382860595753073e+03 -6.949235301621913550e+02
1.570403295032193000e+03 -6.421713515052376806e+02
1.570423729468871898e+03 -5.813566728482840062e+02
1.570444163905726100e+03 -5.432294941913304456e+02
1.570464598342688987e+03 -4.779148155343767712e+02
1.570485032779891981e+03 -4.368501368774232105e+02
1.570505467217270052e+03 -3.547854582204695362e+02
1.570525901654815016e+03 -3.407207795635158618e+02
1.570546336092600995e+03 -2.386561009065621874e+02
1.570566770630495967e+03 -2.331539222496085131e+02
1.570587204968629976e+03 -1.682142435926549524e+02
1.570607639406880025e+03 -1.523370649357012780e+02
1.570628073945365031e+03 -1.995988627874760368e+01
1.570648508384015940e+03 -1.733270762179404301e+01
1.570668942722847987e+03 5.673197103515963136e+01
1.570689377261850041e+03 9.692164969211330572e+01
1.570709811701032095e+03 1.289863283490669801e+02
1.570730246040388010e+03 1.666135070060205408e+02
1.570750680579978962e+03 2.122406856629742151e+02
1.570771115019676927e+03 3.289928643199278895e+02
1.570791549559616897e+03 3.831825429768814502e+02
1.570811983899664028e+03 4.503097216338351245e+02
1.570832418339952937e+03 5.087494002907887989e+02
1.570852852880416094e+03 5.156265789477424732e+02
1.570873287221053033e+03 6.160662576046961476e+02
1.570893721661858081e+03 6.486934362616497083e+02
1.570914156202845106e+03 6.926956149186033826e+02
1.570934590543999093e+03 6.996352935755569433e+02
1.570955025085394027e+03 7.547624722325106177e+02
1.570975459526903933e+03 7.788271508894642920e+02
1.570995893868589064e+03 8.370168295464179664e+02
1.571016328410499909e+03 8.728315082033716408e+02
1.571036762852593029e+03 8.978336868603252015e+02
1.571057197194794071e+03 9.364608655172788758e+02
1.571077631737236970e+03 9.187755441742325502e+02
1.571098066179853049e+03 1.005902722831186111e+03
1.571118500522635941e+03 1.005654901488139785e+03
1.571138935065602936e+03 1.021407080145093460e+03
1.571159369508743112e+03 1.067159258802047134e+03
1.571179803952051088e+03 1.055098937459000808e+03
1.571200238395540964e+03 1.037976116115954483e+03
1.571220672839205008e+03 1.096478294772908157e+03
1.571241107283035944e+03 1.043105473429861604e+03
1.571261541727107897e+03 1.055607652086815278e+03
1.571281976171296037e+03 1.078797330743768953e+03
1.571302410615651979e+03 1.072237009400722627e+03
1.571322845060246891e+03 1.077551688057676301e+03
1.571343279605018097e+03 1.137928866714629748e+03
1.571363714049897908e+03 1.101743545371583423e+03
1.571384148395015927e+03 1.091308224028537097e+03
1.571404582940245973e+03 1.113185402685490772e+03
1.571425017385714000e+03 1.085500081342444446e+03
1.571445451731357025e+03 1.129564759999398120e+03
1.571465886277175969e+03 1.146254438656351795e+03
1.571486320723103063e+03 1.136319117313305469e+03
1.571506755069269047e+03 1.107821295970259143e+03
1.571527189615605039e+03 1.105448474627212818e+03
1.571547624062121031e+03 1.076263153284166265e+03
1.571568058608813089e+03 1.020952831941119939e+03
1.571588492955678021e+03 1.001767510598073613e+03
1.571608927402711060e+03 9.694571892550272878e+02
1.571629361949926988e+03 9.563343679119808485e+02
1.571649796297308058e+03 9.370240465689345228e+02
1.571670230744872015e+03 9.136512252258881972e+02
1.571690665292612039e+03 8.462159038828418716e+02
1.571711099640524026e+03 7.873430825397954322e+02
1.571731534188606020e+03 7.304702611967491066e+02
1.571751968636868924e+03 7.339099398537027810e+02
1.571772402985297958e+03 6.605996185106564553e+02
1.571792837533969077e+03 6.162267971676100160e+02
1.571813271982754941e+03 5.769164758245636904e+02
1.571833706331716030e+03 5.771686544815173647e+02
1.571854140880845080e+03 4.629208331384709254e+02
1.571874575330155039e+03 4.071730117954245998e+02
1.571895009679632039e+03 3.476751904523782741e+02
1.571915444229292916e+03 3.006773691093319485e+02
1.571935878679184952e+03 2.517420477662856229e+02
1.571956313229188027e+03 2.009942264232391835e+02
1.571976747579371022e+03 1.336839050801928579e+02
1.571997182029728947e+03 4.824858373714641857e+01
1.572017616580254980e+03 -2.518673760589990707e+01
1.572038050930962072e+03 -1.468720589489462327e+02
1.572058485381844093e+03 -1.829948802919925583e+02
1.572078919932893996e+03 -2.261802016350388840e+02
1.572099354284124047e+03 -3.255530229780853233e+02
1.572119788835530926e+03 -3.647383443211316489e+02
1.572140223287103936e+03 -4.757986656641779746e+02
1.572160657638858993e+03 -5.806714870072244139e+02
1.572181092190789059e+03 -6.960443083502707395e+02
1.572201526642885938e+03 -7.337921296933170652e+02
1.572221960995163954e+03 -8.152274510363633908e+02
1.572242395547619026e+03 -8.829752723794098301e+02
1.572262830000240001e+03 -9.972855937224561558e+02
1.572283264452983985e+03 -1.033283415065502595e+03
1.572303698905961937e+03 -1.192156236408548921e+03
1.572324133359107009e+03 -1.226779057751595246e+03
1.572344567812375089e+03 -1.312901879094641572e+03
1.572365002265876910e+03 -1.455962200437687898e+03
1.572385436719544941e+03 -1.490522521780734223e+03
1.572405871173338028e+03 -1.597582843123780549e+03
1.572426305627363035e+03 -1.741330664466826875e+03
1.572446740081496955e+03 -1.793828485809873428e+03
1.572467174535871891e+03 -1.899513807152919753e+03
1.572487608990363015e+03 -1.976449128495966079e+03
1.572508043545022019e+03 -2.047509449839012404e+03
1.572528477999861934e+03 -2.131194771182058503e+03
1.572548912354933918e+03 -2.217817592525105283e+03
1.572569346910117019e+03 -2.252065413868151609e+03
1.572589781365481031e+03 -2.349250735211197934e+03
1.572610215721018903e+03 -2.465873556554244260e+03
1.572630650276726101e+03 -2.585308877897290586e+03
1.572671519088617060e+03 -2.698806699240336911e+03
1.572691953644847899e+03 -2.736929520583383237e+03
1.572712388101200986e+03 -2.921427341926429563e+03
1.572732822657781071e+03 -2.888675163269475888e+03
1.572753257014483097e+03 -2.997235484612522669e+03
1.572773691471418942e+03 -3.069358305955568540e+03
1.572794126028464007e+03 -3.158543627298615320e+03
1.572814560385748109e+03 -3.165916448641661191e+03
1.572834994843150071e+03 -3.233851769984707971e+03
1.572855429400719004e+03 -3.324787091327753842e+03
1.572875863758468995e+03 -3.400597412670800622e+03
1.572896298316394905e+03 -3.396782734013846948e+03
1.572916732774428965e+03 -3.443343055356893274e+03
1.572937167132703053e+03 -3.488465876699939599e+03
1.572957601691151922e+03 -3.539588698042985925e+03
1.572978036149710988e+03 -3.642586519386032251e+03
1.572998470608509024e+03 -3.647959340729078576e+03
1.573018905067423020e+03 -3.648832162072124902e+03
1.573039339526505955e+03 -3.706892483415171228e+03
1.573059773885768891e+03 -3.772765304758217553e+03
1.573080208445207973e+03 -3.790325626101263879e+03
1.573100642904814094e+03 -3.823448447444310659e+03
1.573121077364601888e+03 -3.887946268787356530e+03
1.573141511824506097e+03 -3.881194090130403310e+03
1.573161946284636088e+03 -3.904441911473449636e+03
1.573182380844890076e+03 -3.930127232816495962e+03
1.573202815205374918e+03 -3.953687554159542287e+03
1.573223249665971025e+03 -3.951497875502588613e+03
1.573243684226749110e+03 -3.977495696845634939e+03
1.573264118587700068e+03 -3.956056018188681264e+03
1.573284553148761916e+03 -3.925303839531727590e+03
1.573304987610063108e+03 -3.994239160874773916e+03
1.573325421971537935e+03 -3.975986982217820241e+03
1.573345856533124106e+03 -3.970734803560866567e+03
1.573366290994890960e+03 -3.938045124903913347e+03
1.573386725356890111e+03 -3.953542946246959218e+03
1.573407159918999014e+03 -3.835478267590005998e+03
1.573427594381289964e+03 -3.892788588933051869e+03
1.573448028743696113e+03 -3.838848910276098650e+03
1.573468463306330023e+03 -3.846534231619144975e+03
1.573488897769085952e+03 -3.789219552962191301e+03
1.573509332332075928e+03 -3.782904874305237627e+03
1.573529766695173976e+03 -3.800340195648283952e+03
1.573550201158454001e+03 -3.751275516991330278e+03
1.573570635721901908e+03 -3.758085838334376604e+03
1.573591070085531101e+03 -3.670083659677422929e+03
1.573611504549277015e+03 -3.676706481020469255e+03
1.573631939113256976e+03 -3.645704302363515581e+03
1.573652373577343951e+03 -3.662014623706561906e+03
1.573672808041613962e+03 -3.600262445049608232e+03
1.573693242506051092e+03 -3.522822766392654557e+03
1.573713676870670042e+03 -3.490195587735701338e+03
1.573734111435406021e+03 -3.448568409078747209e+03
1.573754545900374069e+03 -3.409503730421793989e+03
1.573774980265450949e+03 -3.421001551764839860e+03
1.573795414830711024e+03 -3.354124373107886640e+03
1.573815849296137003e+03 -3.293997194450932966e+03
1.573836283661745028e+03 -3.282245015793979292e+03
1.573856718227470992e+03 -3.249867837137025617e+03
1.573877152693421976e+03 -3.178615658480071943e+03
1.573897587259496959e+03 -3.174113479823118269e+03
1.573918021625745041e+03 -3.106111301166164594e+03
1.573938456092161005e+03 -3.078421622509210920e+03
1.573958890658700966e+03 -3.002919443852257245e+03
1.573979325025472917e+03 -2.955854765195304026e+03
1.573999759492354997e+03 -2.952102586538349897e+03
1.574020194059419964e+03 -2.893600407881396677e+03
1.574040628426656895e+03 -2.854035729224442548e+03
1.574061062994064059e+03 -2.753846050567489328e+03
1.574081497461593017e+03 -2.733406371910535199e+03
1.574101931829354953e+03 -2.690841693253581980e+03
1.574122366397227097e+03 -2.590277014596628305e+03
1.574142800865279924e+03 -2.589899835939674631e+03
1.574163235333450075e+03 -2.520272657282720957e+03
1.574183669801845099e+03 -2.421832978625767282e+03
1.574204104270364041e+03 -2.405518299968813608e+03
1.574224538739058062e+03 -2.320016121311859933e+03
1.574244973207918974e+03 -2.245138942654906259e+03
1.574265407676961104e+03 -2.139199263997952585e+03
1.574285842146121013e+03 -2.093259585340999365e+03
1.574306276715447893e+03 -2.054757406684045236e+03
1.574326711084956059e+03 -1.918817728027091789e+03
1.574347145554638928e+03 -1.928628049370138115e+03
1.574367580024488916e+03 -1.843625870713184440e+03
1.574388014494463050e+03 -1.704936192056230993e+03
1.574408449064605975e+03 -1.570121513399277319e+03
1.574428883434927911e+03 -1.522619334742323645e+03
1.574449318005426903e+03 -1.434867156085369970e+03
1.574469752476041094e+03 -1.396739977428416296e+03
1.574490186846822098e+03 -1.319550298771462622e+03
1.574510621417786979e+03 -1.260798120114508947e+03
1.574531055888917990e+03 -1.110858441457555273e+03
1.574551490260171931e+03 -9.395437628006017121e+02
1.574571924831659999e+03 -9.881665841436480378e+02
1.574592359303263947e+03 -8.340394054866944771e+02
1.574612793875036004e+03 -7.539747268297408027e+02
1.574633228246930003e+03 -5.830350481727871284e+02
1.574653662718993019e+03 -5.691578695158334540e+02
1.574674097291238013e+03 -3.820931908588798365e+02
1.574694531663656107e+03 -3.390285122019262189e+02
1.574714966136190924e+03 -2.689013335449726014e+02
1.574735400708952966e+03 -1.730866548880189271e+02
1.574755835081836040e+03 -1.795947623106525270e+01
1.574776269554829923e+03 1.676677024258883648e+02
1.574796704128063993e+03 2.656073810828419823e+02
1.574817138601415081e+03 3.476095597397956567e+02
1.574837573074931925e+03 4.917367383967493311e+02
1.574858007548632031e+03 5.983014170537029486e+02
1.574878442022446961e+03 7.230535957106565093e+02
1.574898876496431058e+03 8.541182743676101836e+02
1.574919310970595916e+03 9.561204530245638580e+02
1.574939745444876962e+03 1.041122631681517532e+03
1.574960179919384018e+03 1.185312310338471207e+03
1.574980614394014992e+03 1.275314488995424881e+03
1.575001048868819908e+03 1.414379167652378328e+03
1.575021483343735099e+03 1.494631346309332002e+03
1.575041917818831053e+03 1.623446024966285677e+03
1.575062352394103073e+03 1.793073203623239351e+03
1.575082786769540917e+03 1.890700382280193026e+03
1.575103221245102986e+03 2.056827560937146700e+03
1.575123655820839986e+03 2.156579739594100374e+03
1.575144090196743036e+03 2.232269418251054049e+03
1.575164524672770995e+03 2.292146596908007723e+03
1.575184959248974110e+03 2.436586275564961397e+03
1.575205393625343049e+03 2.598025954221914617e+03
1.575225828201896093e+03 2.668090632878868746e+03
1.575246262678564108e+03 2.735217811535821966e+03
1.575266697055398026e+03 2.916094990192775640e+03
1.575287131632416049e+03 3.061347168849729314e+03
1.575307566109549953e+03 3.108536847506682989e+03
1.575328000486849987e+03 3.273351526163636663e+03
1.575348435064333898e+03 3.322478704820590337e+03
1.575368869541933009e+03 3.433105883477544012e+03
1.575389304119700910e+03 3.554045562134497686e+03
1.575409738497648959e+03 3.629485240791451361e+03
1.575430172975713958e+03 3.714049919448405035e+03
1.575450607554005046e+03 3.847989598105358709e+03
1.575471042032361083e+03 3.927179276762312384e+03
1.575491476410948962e+03 3.970993955419266058e+03
1.575511910989647959e+03 4.102308634076219278e+03
1.575532345468528092e+03 4.175873312733173407e+03
1.575552779847522970e+03 4.289000491390126626e+03
1.575573214426688082e+03 4.390065170047080755e+03
1.575593648906032968e+03 4.427629848704033975e+03
1.575614083385546110e+03 4.530819527360988104e+03
1.575654952244934975e+03 4.689321706017941324e+03
1.575675386824922043e+03 4.790823884674895453e+03
1.575695821305017034e+03 4.870013563331848673e+03
1.575716255685292936e+03 4.952515741988801892e+03
1.575736690265679044e+03 4.981142920645756021e+03
1.575757124746306090e+03 5.122645099302709241e+03
1.575777559326990968e+03 5.103334777959663370e+03
1.575797993707906926e+03 5.195836956616616590e+03
1.575818428188933012e+03 5.250839135273570719e+03
1.575838862770084006e+03 5.306966313930523938e+03
1.575859297151459032e+03 5.320530992587478067e+03
1.575879731632958055e+03 5.367533171244431287e+03
1.575900166214574938e+03 5.423285349901385416e+03
1.575920600596364011e+03 5.463037528558338636e+03
1.575941035078322102e+03 5.557852207215292765e+03
1.575961469660461944e+03 5.552104385872245985e+03
1.575981904042710084e+03 5.687981564529200114e+03
1.576002338625082984e+03 5.674108743186153333e+03
1.576022773107687954e+03 5.743985921843106553e+03
1.576043207590402972e+03 5.755113100500060682e+03
1.576063642073298979e+03 5.790802779157013902e+03
1.576084076556312084e+03 5.878992457813968031e+03
1.576104511039492081e+03 5.869744636470921250e+03
1.576124945522795088e+03 5.977684315127875379e+03
1.576145380006274081e+03 5.958936493784828599e+03
1.576165814489919057e+03 5.987813672441782728e+03
1.576186249073688941e+03 6.038440851098735948e+03
1.576206683457633062e+03 6.094318029755690077e+03
1.576227118041744916e+03 6.116445208412643296e+03
1.576247552525979927e+03 6.103697387069597426e+03
1.576267986910389027e+03 6.172949565726550645e+03
1.576288421494908107e+03 6.210764244383504774e+03
1.576308855879608018e+03 6.168453923040457994e+03
1.576329290364483086e+03 6.213768601697411214e+03
1.576349724949468964e+03 6.242895780354365343e+03
1.576390593919918047e+03 6.200647959011318562e+03
1.576411028405367915e+03 6.294462637668272691e+03
1.576431462790940941e+03 6.232214816325225911e+03
1.576451897376748093e+03 6.208904494982180040e+03
1.576472331862606097e+03 6.271906673639133260e+03
1.576574504294417920e+03 6.188855066923902086e+03
1.576594938781214069e+03 6.205732245580855306e+03
1.576615373368186056e+03 6.161296924237809435e+03
1.576635807755272026e+03 6.145924102894762655e+03
1.576656242242527014e+03 6.168863781551715874e+03
1.576676676829906000e+03 6.066928460208670003e+03
1.576697111317450890e+03 6.067493138865623223e+03
1.576717545705178054e+03 6.022682817522577352e+03
1.576737980293022929e+03 5.985497496179530572e+03
1.576758414781033935e+03 5.971812174836484701e+03
1.576778849269169086e+03 5.868564353493437920e+03
1.576799283757477951e+03 5.854379032150392050e+03
1.576819718245897093e+03 5.856881210807345269e+03
1.576840152834497985e+03 5.827508389464299398e+03
1.576860587223272887e+03 5.807448068121252618e+03
1.576881021712157008e+03 5.689637746778206747e+03
1.576901456301166036e+03 5.658202425435159967e+03
1.576921890690347936e+03 5.579767104092114096e+03
1.576942325179697946e+03 5.533769282749067315e+03
1.576962759669172101e+03 5.439833961406020535e+03
1.576983194158819970e+03 5.383211140062974664e+03
1.577003628748635947e+03 5.317588318719927884e+03
1.577024063138517022e+03 5.269090497376882013e+03
1.577044497628631007e+03 5.163655176033835232e+03
1.577064932218854892e+03 5.088219854690789361e+03
1.577085366609200946e+03 4.991347033347742581e+03
1.577105801099721930e+03 4.923036712004696710e+03
1.577126235690411932e+03 4.874851390661649930e+03
1.577146670081222965e+03 4.751541069318604059e+03
1.577167104672153073e+03 4.679293247975557279e+03
1.577187539163249085e+03 4.584670426632511408e+03
1.577207973554526916e+03 4.509047605289464627e+03
1.577228408145922003e+03 4.492862283946418756e+03
1.577248842637483904e+03 4.346739462603371976e+03
1.577269277129111060e+03 4.283491641260325196e+03
1.577289711620971957e+03 4.161431319917279325e+03
1.577310146112941084e+03 4.043620998574232999e+03
1.577330580605092109e+03 4.010810677231186673e+03
1.577351015197360994e+03 3.835250355888140348e+03
1.577371449589795020e+03 3.736440034545094022e+03
1.577391884182354033e+03 3.624004713202047242e+03
1.577412318675080087e+03 3.530194391859001371e+03
1.577432753067929070e+03 3.436196570515954591e+03
1.577453187660953972e+03 3.340323749172908265e+03
1.577473622154094983e+03 3.229700927829861939e+03
1.577494056547343916e+03 3.096515606486815614e+03
1.577514491140834934e+03 2.982767785143769288e+03
1.577534925634375895e+03 2.845769963800722962e+03
1.577555360128098982e+03 2.746147142457676637e+03
1.577575794621996010e+03 2.607524321114630311e+03
1.577596229016010057e+03 2.492213999771583985e+03
1.577616663610162959e+03 2.409966178428537660e+03
1.577637098104466986e+03 2.191218357085491334e+03
1.577657532498916908e+03 2.048783035742445009e+03
1.577677967093507050e+03 1.977160214399398455e+03
1.577698401588248089e+03 1.841974893056352130e+03
1.577718836083135102e+03 1.707664571713305804e+03
1.577739270578159903e+03 1.559666750370259479e+03
1.577759705073309078e+03 1.404168929027212926e+03
1.577780139668625907e+03 1.284108607684166600e+03
1.577800574064094917e+03 1.178798286341120274e+03
1.577821008559679967e+03 1.009362964998073949e+03
1.577841443155434035e+03 9.009276436550276230e+02
1.577861877651309896e+03 6.938673223119812974e+02
1.577882312047360983e+03 5.995570009689349718e+02
1.577902746643522050e+03 4.650591796258885893e+02
1.577923181139834924e+03 3.599363582828422068e+02
1.577943615636293998e+03 1.928760369397958243e+02
1.577964050132889952e+03 6.125321559674949867e+01
1.577984484629640065e+03 -5.668210574629682696e+01
1.578004919126505911e+03 -2.191174270893432094e+02
1.578025353623540013e+03 -4.087402484323895919e+02
1.578045788120696898e+03 -4.702380697754359176e+02
1.578066222718028939e+03 -6.163608911184823000e+02
1.578086657115469052e+03 -7.278587124615286257e+02
1.578107091613062948e+03 -8.224190338045750650e+02
1.578127526210802898e+03 -9.921043551476213906e+02
1.578147960608680023e+03 -1.151914676490667716e+03
1.578168395206711011e+03 -1.240974997833714042e+03
1.578188829704856971e+03 -1.409035319176760368e+03
1.578209264103169971e+03 -1.550095640519806693e+03
1.578229698701609095e+03 -1.703530961862853019e+03
1.578250133100191078e+03 -1.792653783205899572e+03
1.578270567598912976e+03 -1.944589104548945897e+03
1.578291002197787975e+03 -1.973461925891992223e+03
1.578311436596806971e+03 -2.167272247235038776e+03
1.578331871195935946e+03 -2.277207568578085102e+03
1.578352305695246969e+03 -2.389955389921131427e+03
1.578372740094674100e+03 -2.524828211264177753e+03
1.578393174694210984e+03 -2.625513532607224079e+03
1.578413609193929005e+03 -2.739386353950270404e+03
1.578434043693793001e+03 -2.848634175293316730e+03
1.578454478193765908e+03 -2.948756996636363056e+03
1.578474912693920032e+03 -3.046317317979409381e+03
1.578495347194191936e+03 -3.125690139322455707e+03
1.578515781694600946e+03 -3.224687960665502032e+03
1.578536216195134102e+03 -3.348435782008548358e+03
1.578556650795843098e+03 -3.412433603351594684e+03
1.578577085296660016e+03 -3.507306424694641009e+03
1.578597519697628968e+03 -3.535241746037687335e+03
1.578638388799969107e+03 -3.727552067380734115e+03
1.578658823201345967e+03 -3.793424888723780441e+03
1.578679257802868960e+03 -3.835172710066826767e+03
1.578699692304529890e+03 -3.837670531409873092e+03
1.578720126706313977e+03 -3.893918352752919418e+03
1.578740561308266024e+03 -3.994603674095965744e+03
1.578760995810341910e+03 -4.050976495439012069e+03
1.578781430412564077e+03 -4.052349316782058395e+03
1.578801864814900910e+03 -4.105097138125104721e+03
1.578822299317406078e+03 -4.145094959468151501e+03
1.578842733920035016e+03 -4.155030280811197372e+03
1.578863168322800902e+03 -4.229653102154244152e+03
1.578883602825691923e+03 -4.261713423497290023e+03
1.578904037328728009e+03 -4.239336244840336803e+03
1.578924471831910068e+03 -4.290334066183382674e+03
1.578944906435229996e+03 -4.347394387526429455e+03
1.578965340838702105e+03 -4.389017208869475326e+03
1.578985775342255010e+03 -4.366890030212522106e+03
1.579006209945989895e+03 -4.392950351555567977e+03
1.579026644349869002e+03 -4.431510672898614757e+03
1.579047078853858920e+03 -4.400570994241660628e+03
1.579067513458001031e+03 -4.347818815584707409e+03
1.579087947962289036e+03 -4.397754136927753279e+03
1.579108382366684964e+03 -4.352626958270800060e+03
1.579128816971234983e+03 -4.315749779613846840e+03
1.579149251475929987e+03 -4.303997600956892711e+03
1.579169685980733902e+03 -4.321182922299939491e+03
1.579190120485691068e+03 -4.339618243642985362e+03
1.579210554990793980e+03 -4.294241064986032143e+03
1.579230989596006111e+03 -4.245863886329078014e+03
1.579251424001369969e+03 -4.236049207672124794e+03
1.579271858506880108e+03 -4.250422029015170665e+03
1.579292293112499010e+03 -4.229044850358217445e+03
1.579312727518271004e+03 -4.212355171701263316e+03
1.579333162124180944e+03 -4.161415493044310097e+03
1.579353596630214952e+03 -4.180038314387356877e+03
1.579374031036393944e+03 -4.166598635730402748e+03
1.579394465642719069e+03 -4.091408957073449074e+03
1.579414900149153027e+03 -4.127094278416495399e+03
1.579435334555739018e+03 -4.063279599759541725e+03
1.579455769162435899e+03 -4.022464921102588050e+03
1.579476203669313918e+03 -3.957275242445634376e+03
1.579496638076278032e+03 -3.956148063788680702e+03
1.579517072683418974e+03 -3.923333385131727482e+03
1.579537507090637973e+03 -3.847393706474773808e+03
1.579557941698039940e+03 -3.896141527817820133e+03
1.579578376205550967e+03 -3.808701849160866459e+03
1.579598810713214107e+03 -3.778199670503912785e+03
1.579619245220993889e+03 -3.727822491846959110e+03
1.579639679728920100e+03 -3.664820313190005436e+03
1.579660114236954996e+03 -3.664943134533051762e+03
1.579680548745171109e+03 -3.591628455876098087e+03
1.579700983253467939e+03 -3.557001277219144413e+03
1.579721417861946975e+03 -3.494061598562190738e+03
1.579741852370513016e+03 -3.448871919905237064e+03
1.579762286779252008e+03 -3.439244741248283390e+03
1.579782721388103027e+03 -3.340305062591329715e+03
1.579803155897076067e+03 -3.316990383934376041e+03
1.579823590306187043e+03 -3.258238205277422821e+03
1.579844024915452110e+03 -3.153798526620469147e+03
1.579864459424833058e+03 -3.108108847963515473e+03
1.579884893834358081e+03 -3.041044169306561798e+03
1.579905328443993994e+03 -3.007666990649608124e+03
1.579925762953781941e+03 -2.916414811992654450e+03
1.579946197563680016e+03 -2.886162633335700775e+03
1.579966631973730046e+03 -2.782785454678747101e+03
1.579987066483895887e+03 -2.723158276021793426e+03
1.580007501094202098e+03 -2.631593597364839752e+03
1.580027935504658899e+03 -2.566528918707886078e+03
1.580048370015204000e+03 -2.488651740050932403e+03
1.580068804625916982e+03 -2.395774561393978729e+03
1.580089239036751906e+03 -2.380584882737025055e+03
1.580109673547704006e+03 -2.331457704080071380e+03
1.580130108158823987e+03 -2.256205525423118161e+03
1.580150542570037942e+03 -2.184390846766164032e+03
1.580170977181398030e+03 -2.090763668109210812e+03
1.580191411592867098e+03 -2.076323989452257138e+03
1.580211846104487904e+03 -1.973196810795303463e+03
1.580232280716255900e+03 -1.896069632138349789e+03
1.580252715128103091e+03 -1.810004953481396115e+03
1.580273149640132033e+03 -1.768877774824442440e+03
1.580293584252277924e+03 -1.714250596167488766e+03
1.580314018764533103e+03 -1.631498417510535091e+03
1.580334453276941076e+03 -1.553371238853581417e+03
1.580354887789465010e+03 -1.494744060196627743e+03
1.580375322302126960e+03 -1.442679381539674068e+03
1.580395756814913057e+03 -1.406614702882720621e+03
1.580416191327843990e+03 -1.360550024225766947e+03
1.580436625840884972e+03 -1.229547845568813273e+03
1.580457060454049042e+03 -1.198858166911859598e+03
1.580477494867358018e+03 -1.172855988254905924e+03
1.580497929380776895e+03 -1.078541309597952477e+03
1.580518363994350011e+03 -1.057601630940998803e+03
1.580538798408037110e+03 -1.001849452284045014e+03
1.580559233021863974e+03 -9.628472736270914538e+02
1.580579667535813996e+03 -9.172200949701377795e+02
1.580600101949879900e+03 -8.629054163131841051e+02
1.580620536564084887e+03 -8.623407376562304307e+02
1.580640971078413941e+03 -8.042135589992767564e+02
1.580661405492887070e+03 -7.763988803423231957e+02
1.580681840107471089e+03 -7.307092016853696350e+02
1.580702274622176901e+03 -7.425195230284159607e+02
1.580722709237023082e+03 -6.851423443714622863e+02
1.580743143651990977e+03 -6.472651657145086119e+02
1.580763578167104924e+03 -5.997629870575549376e+02
1.580784012782329000e+03 -5.886983084006012632e+02
1.580804447197705031e+03 -5.441336297436477025e+02
1.580824881713167997e+03 -5.551314510866940282e+02
1.580845316228776937e+03 -5.366292724297404675e+02
1.580865750744523893e+03 -4.890020937727867363e+02
1.580886185260365892e+03 -4.493124151158331188e+02
1.580906619776375010e+03 -4.422477364588795012e+02
1.580927054292508046e+03 -4.224330578019258269e+02
1.580947488908728928e+03 -3.649308791449721525e+02
1.580967923425115941e+03 -3.920537004880185350e+02
1.580988357841597008e+03 -3.760515218310649175e+02
1.581008792458226026e+03 -3.002993431741113000e+02
1.581029226974962967e+03 -3.297346645171575688e+02
1.581049661391851032e+03 -3.221074858602039512e+02
1.581070096008857945e+03 -2.788553072032503337e+02
1.581090530525973008e+03 -2.292906285462967162e+02
1.581110965143242083e+03 -2.874759498893430418e+02
1.581131399560596037e+03 -2.657237712323893675e+02
1.581151834078088996e+03 -2.127840925754357499e+02
1.581172268695735966e+03 -2.242194139184821324e+02
1.581192703113498055e+03 -1.718422352615284581e+02
1.581213137631370046e+03 -1.700275566045747837e+02
1.581233572249366034e+03 -1.334628779476211662e+02
1.581254006667506019e+03 -1.771481992906675487e+02
1.581274441185757041e+03 -1.032085206337138743e+02
1.581294875804130925e+03 -1.255188419767602568e+02
1.581315310222621065e+03 -8.989166331980658242e+01
1.581335744841250062e+03 -1.223894846628529649e+02
1.581356179360031092e+03 -1.055748060058992905e+02
1.581376613878899889e+03 -8.857262734894567302e+01
1.581397048397906019e+03 -1.541329486919920555e+02
1.581417482917008101e+03 -1.844432700350383811e+02
1.581437917436283897e+03 -1.448785913780847068e+02
1.581458351955639955e+03 -1.620014127211310893e+02
1.581478786475119932e+03 -1.914992340641774717e+02
1.581499220994744974e+03 -2.217470554072238542e+02
1.581519655514478927e+03 -2.859948767502701230e+02
1.581540090034367040e+03 -2.876176980933165055e+02
1.581560524554369977e+03 -3.086155194363628880e+02
1.581580959074454086e+03 -3.653008407794092705e+02
1.586832627608971961e+03 7.110513837877544574e+03
1.586853062257170905e+03 7.009891016534497794e+03
1.586873496705441084e+03 6.936768195191451923e+03
1.586893931353813969e+03 6.817895373848405143e+03
1.586914365902280906e+03 6.757522552505359272e+03
1.586934800350841897e+03 6.683462231162312492e+03
1.586955234999491950e+03 6.613839409819266621e+03
1.586975669548249925e+03 6.521591588476219840e+03
1.586996104097087937e+03 6.443218767133173969e+03
1.587016538646020990e+03 6.339908445790127189e+03
1.587036973195049086e+03 6.225223124447080409e+03
1.587057407844185946e+03 6.156975303104034538e+03
1.587077842393387982e+03 6.030539981760987757e+03
1.587098276842697942e+03 5.914729660417941886e+03
1.587118711492104921e+03 5.832231839074895106e+03
1.587139146041597996e+03 5.686421517731849235e+03
1.587159580491178076e+03 5.490423696388802455e+03
1.587180015140867908e+03 5.380738375045756584e+03
1.587200449690637015e+03 5.264553053702709803e+03
1.587220884240508894e+03 5.157305232359663933e+03
1.587241318790459900e+03 4.998932411016617152e+03
1.587261753240506096e+03 4.858934589673571281e+03
1.587282187890654086e+03 4.735186768330524501e+03
1.587302622440897039e+03 4.586313946987478630e+03
1.587323056891204033e+03 4.420128625644431850e+03
1.587343491541636013e+03 4.284318304301385069e+03
1.587363926092140900e+03 4.133695482958339198e+03
1.587384360742747958e+03 3.941697661615292873e+03
1.587404795193433984e+03 3.744137340272246547e+03
1.587425229744221951e+03 3.673702018929200221e+03
1.587445664395097992e+03 3.501204197586153896e+03
1.587466098846067098e+03 3.356706376243107115e+03
1.587506968048269982e+03 3.001021054900061245e+03
1.587527402499508980e+03 2.867210733557014464e+03
1.587547837150842952e+03 2.652775412213968139e+03
1.587568271702257107e+03 2.552027590870921813e+03
1.587588706253772898e+03 2.382029769527875487e+03
1.587609140805368952e+03 2.217969448184829162e+03
1.587629575357067097e+03 2.068784126841782836e+03
1.587650009908843913e+03 1.949348805498736510e+03
1.587670444460716908e+03 1.750600984155690185e+03
1.587690879012676078e+03 1.637040662812643859e+03
1.587711313664746058e+03 1.443792841469597533e+03
1.587731748116872041e+03 1.297482520126551208e+03
1.587752182669107924e+03 1.157109698783504882e+03
1.587772617321432108e+03 1.062111877440458329e+03
1.587793051873843069e+03 9.548015560974120035e+02
1.587813486326333077e+03 8.123037347543656779e+02
1.587833920978933975e+03 7.019934134113193522e+02
1.587854355431597924e+03 5.434955920682730266e+02
1.587874790084373899e+03 4.271227707252265873e+02
1.587895224637228011e+03 3.199999493821802048e+02
1.587915659090162080e+03 2.008771280391338792e+02
1.587936093743199081e+03 1.889418066960875535e+02
1.587956528296323086e+03 -2.181014646958828962e+00
1.587976962749519089e+03 -1.203663359900052114e+02
1.587997397402833030e+03 -1.981766573330515371e+02
1.588017831956211012e+03 -3.607994786760978627e+02
1.588038266409675998e+03 -4.577348000191442452e+02
1.588058701063243916e+03 -5.513576213621906845e+02
1.588079135616892017e+03 -6.996679427052370102e+02
1.588099570270635013e+03 -7.552907640482833358e+02
1.588120004724456976e+03 -8.463510853913296614e+02
1.588140439278372924e+03 -9.159739067343759871e+02
1.588160873932363984e+03 -9.962217280774223127e+02
1.588181308386454020e+03 -1.088594549420468866e+03
1.588201742940625991e+03 -1.114154870763515191e+03
1.588222177594893083e+03 -1.279777692106561517e+03
1.588242612049230956e+03 -1.286588013449607843e+03
1.588263046703671989e+03 -1.376273334792654168e+03
1.588283481258192978e+03 -1.393021156135700494e+03
1.588303915812801051e+03 -1.525831477478746820e+03
1.588324350367496891e+03 -1.573204298821793145e+03
1.588344784922278905e+03 -1.609577120164839471e+03
1.588365219477142091e+03 -1.757574941507886024e+03
1.588385654032091907e+03 -1.775822762850932349e+03
1.588406088587129034e+03 -1.850570584193978675e+03
1.588426523142260976e+03 -1.973880905537025001e+03
1.588446957797466894e+03 -2.009066226880071326e+03
1.588467392252764967e+03 -2.032939048223117879e+03
1.588487826908153011e+03 -2.162686869566164205e+03
1.588508261363610927e+03 -2.196247190909210531e+03
1.588528695919165102e+03 -2.219057512252256856e+03
1.588549130574815081e+03 -2.301180333595303182e+03
1.588569565030528111e+03 -2.367490654938349508e+03
1.588589999586328986e+03 -2.389175976281395833e+03
1.588610434242232941e+03 -2.446486297624442159e+03
1.588630868698194035e+03 -2.460671618967488484e+03
1.588651303354265110e+03 -2.486919440310534810e+03
1.588671737910415914e+03 -2.540729761653581136e+03
1.588692172366645991e+03 -2.536165082996627461e+03
1.588712607022956945e+03 -2.571912904339674242e+03
1.588733041579361952e+03 -2.599660725682720113e+03
1.588753476035831909e+03 -2.629658547025766893e+03
1.588773910692412983e+03 -2.633843868368813219e+03
1.588794345249064918e+03 -2.689279189711859544e+03
1.588814779805798025e+03 -2.644214511054905870e+03
1.588835214362617990e+03 -2.658524832397952196e+03
1.588855648919525038e+03 -2.691772653740998521e+03
1.588876083576506062e+03 -2.693707975084044847e+03
1.588896518033579923e+03 -2.688643296427091173e+03
1.588916952590727078e+03 -2.648703617770137498e+03
1.588937387247970037e+03 -2.635513939113183824e+03
1.588957821805284993e+03 -2.618011760456230149e+03
1.588978256262686045e+03 -2.635009581799276475e+03
1.588998690920169111e+03 -2.617632403142322801e+03
1.589019125477738044e+03 -2.653442724485369581e+03
1.589039559935386933e+03 -2.681503045828415907e+03
1.589059994593116926e+03 -2.668188367171462232e+03
1.589080429150933924e+03 -2.631436188514508558e+03
1.589100863808831036e+03 -2.621371509857554884e+03
1.589121298266808026e+03 -2.589869331200601209e+03
1.589141732824871951e+03 -2.607742152543647535e+03
1.589162167383015912e+03 -2.589052473886693861e+03
1.589182601941233088e+03 -2.561300295229740186e+03
1.589203036399544089e+03 -2.598298116572786512e+03
1.589223471057928919e+03 -2.563670937915832837e+03
1.589243905616400070e+03 -2.519231259258879163e+03
1.589264340274952929e+03 -2.516604080601925489e+03
1.589284774733584072e+03 -2.498976901944971814e+03
1.589305209292288055e+03 -2.462412223288018140e+03
1.589325643951088068e+03 -2.417347544631064920e+03
1.589346078409965912e+03 -2.410157865974111246e+03
1.589366512968910911e+03 -2.395218187317157572e+03
1.589386947627958079e+03 -2.393653508660203897e+03
1.589407382087068981e+03 -2.371026330003250223e+03
1.589427816646260908e+03 -2.289649151346296549e+03
1.589448251305540907e+03 -2.294709472689342874e+03
1.589468685864899953e+03 -2.236269794032389200e+03
1.589489120424339035e+03 -2.260455115375435525e+03
1.589509554983859061e+03 -2.173640436718481851e+03
1.589529989543457987e+03 -2.160388258061528177e+03
1.589550424103129899e+03 -2.126886079404574502e+03
1.589570858662890032e+03 -2.102696400747620828e+03
1.589591293222722015e+03 -2.087569222090667154e+03
1.589611727882642072e+03 -2.030504543433713707e+03
1.589632162342626998e+03 -2.023189864776760032e+03
1.589652596902712958e+03 -1.971625186119806358e+03
1.589673031562859023e+03 -1.971560507462852684e+03
1.589693466023091105e+03 -1.891058328805899237e+03
1.589713900683404063e+03 -1.939493650148945562e+03
1.589734335243796977e+03 -1.871678971491991888e+03
1.589754769704260980e+03 -1.845614292835038214e+03
1.589775204364806996e+03 -1.825737114178084539e+03
1.589795638925432058e+03 -1.800609935521130865e+03
1.589816073386137077e+03 -1.766170256864177190e+03
1.589856942507773056e+03 -1.699543078207223516e+03
1.589877377168719022e+03 -1.597728399550270069e+03
1.589897811729729938e+03 -1.591038720893316167e+03
1.589918246190819900e+03 -1.580849042236362720e+03
1.589938680851992103e+03 -1.571596863579409046e+03
1.589959115413242898e+03 -1.553532184922455372e+03
1.589979549874559098e+03 -1.525467506265501697e+03
1.589999984535978001e+03 -1.450277827608548023e+03
1.590020419097447075e+03 -1.368650648951594576e+03
1.590040853659010963e+03 -1.368023470294640902e+03
1.590061288220641018e+03 -1.338646291637687227e+03
1.590081722782357019e+03 -1.227206612980733553e+03
1.590102157444146997e+03 -1.243266934323779878e+03
1.590122591906008893e+03 -1.214827255666826204e+03
1.590143026467944082e+03 -1.186137577009872530e+03
1.590163461129966890e+03 -1.199947898352918855e+03
1.590183895692061924e+03 -1.103133219695965181e+03
1.590204330154221907e+03 -1.101756041039011734e+03
1.590224764816478000e+03 -1.040753862382058060e+03
1.590245199378797906e+03 -1.012251683725104385e+03
1.590265633841190947e+03 -9.458120050681507109e+02
1.590286068503665092e+03 -9.049973264111970366e+02
1.590306503066218056e+03 -9.409326477542433622e+02
1.590326937728844996e+03 -9.381804690972898015e+02
1.590347372191542945e+03 -8.466782904403362409e+02
1.590367806754315097e+03 -8.035511117833825665e+02
1.590388241417175095e+03 -8.462989331264288921e+02
1.590408675880091096e+03 -8.329842544694752178e+02
1.590429110443081072e+03 -7.655445758125215434e+02
1.590449545006166090e+03 -7.716673971555679827e+02
1.590469979569315910e+03 -7.468527184986141947e+02
1.590490414232539024e+03 -7.322255398416606340e+02
1.590510848695834056e+03 -7.412233611847070733e+02
1.590531283259216934e+03 -6.682836825277533990e+02
1.590551717922659009e+03 -6.930315038707997246e+02
1.590572152386178914e+03 -6.787793252138460502e+02
1.590592586949773022e+03 -6.993396465568923759e+02
1.590613021613441106e+03 -6.455249678999388152e+02
1.590633456077187020e+03 -6.346477892429851408e+02
1.590653890640998952e+03 -6.409581105860315802e+02
1.590674325304898957e+03 -6.452684319290779058e+02
1.590694759868863912e+03 -6.482662532721242314e+02
1.590715194432902081e+03 -6.725765746151705571e+02
1.590735628997005051e+03 -6.313243959582168827e+02
1.590756063561195106e+03 -6.698847173012633220e+02
1.590776498125451099e+03 -7.108200386443096477e+02
1.590796932689780078e+03 -6.946303599873559733e+02
1.590817367254182045e+03 -6.878781813304024126e+02
1.590837801918663899e+03 -7.391260026734487383e+02
1.590858236383202893e+03 -7.966863240164950639e+02
1.590878670947822911e+03 -7.126841453595413896e+02
1.590899105612531002e+03 -8.195569667025877152e+02
1.590919540077273041e+03 -8.012422880456341545e+02
1.590939974742127106e+03 -8.274901093886805938e+02
1.590960409307037025e+03 -8.593004307317268058e+02
1.590980843772013031e+03 -9.656107520747732451e+02
1.591001278437069914e+03 -7.862335734178195707e+02
