1.000000000000000048e-04 1.752099677571044012e+01
2.011991991991991802e-02 3.644758736409080058e+01
4.013983983983984011e-02 1.021793001269287942e+02
6.015975975975976220e-02 2.311734781866640276e+02
8.017967967967967735e-02 4.005335609570917654e+02
1.001995995995995925e-01 6.009398033034901800e+02
1.202195195195195215e-01 7.521218514091779070e+02
1.402394394394394228e-01 7.483373980971252877e+02
1.602593593593593380e-01 6.301259077260432377e+02
1.802792792792792531e-01 4.333453893748592236e+02
2.002991991991991683e-01 1.899538887849608955e+02
2.203191191191190834e-01 9.625284855278140128e+01
2.403390390390390263e-01 2.307278747998638835e+02
2.603589589589589415e-01 2.572751495565489677e+02
2.803788788788788566e-01 1.900464684298293889e+02
3.003987987987987718e-01 1.908141745793531356e+02
3.204187187187186869e-01 3.060528534521028519e+02
3.404386386386386021e-01 3.684893584991831403e+02
3.604585585585585172e-01 3.370283015974623595e+02
3.804784784784784324e-01 2.366860504190503320e+02
4.004983983983983475e-01 2.215438727731181245e+02
4.205183183183182627e-01 3.660991260987579494e+02
4.405382382382381778e-01 4.721702619799849572e+02
4.605581581581580930e-01 4.508892728231239175e+02
4.805780780780780637e-01 3.130782805153905883e+02
5.005979979979979788e-01 1.560777809685407931e+02
5.206179179179178940e-01 1.560283090687836420e+02
5.406378378378378091e-01 2.136701960029261045e+02
5.606577577577577243e-01 2.535939805546740899e+02
5.806776776776776394e-01 4.421685972510570082e+02
6.006975975975975546e-01 7.184946439925591903e+02
6.207175175175174697e-01 8.919421640606658457e+02
6.407374374374373849e-01 8.380312159939169305e+02
6.607573573573573000e-01 4.843562550301567740e+02
6.807772772772772152e-01 3.265052085830006945e+02
7.007971971971971303e-01 1.186413568140014149e+03
7.208171171171170455e-01 2.089990521409023586e+03
7.408370370370369606e-01 2.819392925832823948e+03
7.608569569569568758e-01 3.209007687961732245e+03
7.808768768768767909e-01 3.128667724132700187e+03
8.008967967967967061e-01 2.599885061356312235e+03
8.209167167167166212e-01 1.797881841427157497e+03
8.409366366366365364e-01 9.186219011809968151e+02
8.609565565565564516e-01 1.596671322583395636e+02
8.809764764764763667e-01 4.234176952970305479e+02
9.009963963963962819e-01 6.315294435093999255e+02
9.210163163163161970e-01 5.647616307754485661e+02
9.410362362362361122e-01 3.427569333378560827e+02
9.610561561561561383e-01 2.071332123749260461e+02
9.810760760760760535e-01 3.369446641175910599e+02
1.001095995995995969e+00 4.078659732640230118e+02
1.021115915915915773e+00 3.420972069978923855e+02
1.041135835835835799e+00 1.824797282774102598e+02
1.061155755755755603e+00 9.941314196525104308e+01
1.081175675675675629e+00 2.242053728986886085e+02
1.101195595595595433e+00 3.030598490163691849e+02
1.121215515515515460e+00 3.217909443325659140e+02
1.141235435435435264e+00 3.263508312862587104e+02
1.161255355355355290e+00 3.575862579123331670e+02
1.181275275275275094e+00 3.870426278947764445e+02
1.201295195195195120e+00 3.723567527316220662e+02
1.221315115115114924e+00 3.089905526993674698e+02
1.241335035035034950e+00 2.138118990648452495e+02
1.261354954954954755e+00 1.154068529969239734e+02
1.281374874874874781e+00 4.254353828551902694e+01
1.301394794794794807e+00 3.569888094653960309e+01
1.321414714714714611e+00 8.968319893719173308e+01
1.341434634634634637e+00 1.629701836248532913e+02
1.361454554554554441e+00 2.389720836439950062e+02
1.381474474474474468e+00 2.985457273148891204e+02
1.401494394394394272e+00 3.260354886645392298e+02
1.421514314314314298e+00 3.041688294670579467e+02
1.441534234234234102e+00 2.248270595482705119e+02
1.461554154154154128e+00 1.014421951020240584e+02
1.481574074074073932e+00 8.795101561180494798e+01
1.501593993993993958e+00 2.307523119831179201e+02
1.521613913913913763e+00 3.394454173232410312e+02
1.541633833833833789e+00 3.815967679512061181e+02
1.561653753753753593e+00 3.472131989104164518e+02
1.581673673673673619e+00 2.510759151510295339e+02
1.601693593593593423e+00 1.467741761366424385e+02
1.621713513513513449e+00 1.323973179645665823e+02
1.641733433433433254e+00 1.803952196242381660e+02
1.661753353353353280e+00 1.952614215513186480e+02
1.681773273273273084e+00 1.608087005118986497e+02
1.701793193193193110e+00 9.727381770028685537e+01
1.721813113113112914e+00 3.793336999804414944e+01
1.741833033033032940e+00 2.085185895501771824e+01
1.761852952952952744e+00 2.143888953312273671e+01
1.781872872872872771e+00 4.625059367652440301e+01
1.801892792792792575e+00 9.705155519935803454e+01
1.821912712712712601e+00 1.404389576835740456e+02
1.841932632632632405e+00 1.580140045497018093e+02
1.861952552552552431e+00 1.495432672121671658e+02
1.881972472472472235e+00 1.341341042215697144e+02
1.901992392392392262e+00 1.328781510478953578e+02
1.922012312312312288e+00 1.413048333515196475e+02
1.942032232232232092e+00 1.408836637862477232e+02
1.962052152152152118e+00 1.280382608937652265e+02
1.982072072072071922e+00 1.169899507449230214e+02
2.002091991991992170e+00 1.163895139066525246e+02
2.022111911911911974e+00 1.161725786161309628e+02
2.042131831831831779e+00 1.132906249822665217e+02
2.062151751751752027e+00 1.243755340419501749e+02
2.082171671671671831e+00 1.554862846002414472e+02
2.102191591591591635e+00 1.853899867257435687e+02
2.122211511511511439e+00 1.913281745234332050e+02
2.142231431431431687e+00 1.654965727299284310e+02
2.162251351351351492e+00 1.180736321326444482e+02
2.182271271271271296e+00 7.001063952661995415e+01
2.202291191191191100e+00 4.367443854284530147e+01
2.222311111111111348e+00 5.436720787904313568e+01
2.242331031031031152e+00 9.925830996695836461e+01
2.262350950950950956e+00 1.647576392437499919e+02
2.282370870870870760e+00 2.286687392838470601e+02
2.302390790790791009e+00 2.681100845126232457e+02
2.322410710710710813e+00 2.700818998498447172e+02
2.342430630630630617e+00 2.364777909656659745e+02
2.362450550550550421e+00 1.819772747843223613e+02
2.382470470470470669e+00 1.297091021774694184e+02
2.402490390390390473e+00 9.913334017665248155e+01
2.422510310310310278e+00 8.226621674612029267e+01
2.442530230230230082e+00 6.308202485457750441e+01
2.462550150150150330e+00 5.430993689522099999e+01
2.482570070070070134e+00 7.062979541536152794e+01
2.502589989989989938e+00 8.803321565008656080e+01
2.522609909909909742e+00 9.189281422622944717e+01
2.542629829829829990e+00 8.842384345195179662e+01
2.562649749749749795e+00 9.366695251681777279e+01
2.582669669669669599e+00 1.089407949477901951e+02
2.602689589589589847e+00 1.175009600532906120e+02
2.622709509509509651e+00 1.082929957639010894e+02
2.642729429429429455e+00 8.317813887717051102e+01
2.662749349349349259e+00 5.219671772982815128e+01
2.682769269269269508e+00 2.878327805922972615e+01
2.702789189189189312e+00 2.463869066634600102e+01
2.722809109109109116e+00 3.682074010206271453e+01
2.742829029029028920e+00 5.863232832463312150e+01
2.762848948948949168e+00 8.233994041926112573e+01
2.782868868868868972e+00 9.774897016538054118e+01
2.802888788788788776e+00 9.868810460166491794e+01
2.822908708708708581e+00 8.589721439659501812e+01
2.842928628628628829e+00 6.490167043516682099e+01
2.862948548548548633e+00 4.237883902836589556e+01
2.882968468468468437e+00 2.255810530726846963e+01
2.902988388388388241e+00 1.672851756306424775e+01
2.923008308308308489e+00 3.472980160853165899e+01
2.943028228228228294e+00 5.300597910219326536e+01
2.963048148148148098e+00 6.055105350537127151e+01
2.983068068068067902e+00 5.311095607986558775e+01
3.003087987987988150e+00 3.849989425728005443e+01
3.023107907907907954e+00 4.475350961178400411e+01
3.043127827827827758e+00 7.127825342318720914e+01
3.063147747747747562e+00 9.281457119461772720e+01
3.083167667667667811e+00 9.877104989734289120e+01
3.103187587587587615e+00 9.008971772792322952e+01
3.123207507507507419e+00 7.606169817985198733e+01
3.143227427427427223e+00 6.723322360127136221e+01
3.163247347347347471e+00 6.526889791816948616e+01
3.183267267267267275e+00 6.391699906838005063e+01
3.203287187187187079e+00 5.990396647021896115e+01
3.223307107107107328e+00 5.491091539341599770e+01
3.243327027027027132e+00 4.959862131362741167e+01
3.263346946946946936e+00 4.037078744700558275e+01
3.283366866866866740e+00 2.520131271222349056e+01
3.303386786786786988e+00 1.163861207256361041e+01
3.323406706706706792e+00 1.984818128505849799e+01
3.343426626626626597e+00 2.816457844619711892e+01
3.363446546546546401e+00 2.524422808936931517e+01
3.383466466466466649e+00 1.244364120389115058e+01
3.403486386386386453e+00 1.310810331410066354e+01
3.423506306306306257e+00 2.972645147179682468e+01
3.443526226226226061e+00 3.874144883147492635e+01
3.463546146146146310e+00 3.628292805470162108e+01
3.483566066066066114e+00 2.449120976254791060e+01
3.503585985985985918e+00 9.514377123761097010e+00
3.523605905905905722e+00 2.239750528859566270e+00
3.543625825825825970e+00 5.131384080368004419e+00
3.563645745745745774e+00 1.395808947136552902e+01
3.583665665665665578e+00 3.349295563482493776e+01
3.603685585585585383e+00 5.502377734819001631e+01
3.623705505505505631e+00 7.048849200782525770e+01
3.643725425425425435e+00 7.462650520133938414e+01
3.663745345345345239e+00 6.665292459246563794e+01
3.683765265265265043e+00 5.013139754981263252e+01
3.703785185185185291e+00 3.174771774293994042e+01
3.723805105105105095e+00 1.962018602934383082e+01
3.743825025025024900e+00 2.114237056337479359e+01
3.763844944944944704e+00 3.253781685551368952e+01
3.783864864864864952e+00 4.680597057711759135e+01
3.803884784784784756e+00 5.823652130409272587e+01
3.823904704704704560e+00 6.176429234571241267e+01
3.843924624624624808e+00 5.550289249377591716e+01
3.863944544544544613e+00 4.178835316272185452e+01
3.883964464464464417e+00 2.848092764343497763e+01
3.903984384384384221e+00 2.709949855008098396e+01
3.924004304304304469e+00 3.250208124011872712e+01
3.944024224224224273e+00 3.380918382444302495e+01
3.964044144144144077e+00 3.068384217354342169e+01
3.984064064064063881e+00 3.056046168068701263e+01
4.004083983983983686e+00 3.981062238378797247e+01
4.024103903903903046e+00 5.432442549505446294e+01
4.044123823823823294e+00 6.844262472961737842e+01
4.064143743743743542e+00 7.879904425889046138e+01
4.084163663663662902e+00 8.279233551546262504e+01
4.104183583583583150e+00 7.835858891173589313e+01
4.124203503503503399e+00 6.580070555017364597e+01
4.144223423423422759e+00 4.829870442366526362e+01
4.164243343343343007e+00 3.068802806126399219e+01
4.184263263263262367e+00 1.884491191555227019e+01
4.204283183183182615e+00 1.667022136904693852e+01
4.224303103103102863e+00 2.042851773763077716e+01
4.244323023023022223e+00 2.778122170980619643e+01
4.264342942942942472e+00 3.778127289949922130e+01
4.284362862862862720e+00 4.731632480072586588e+01
4.304382782782782080e+00 5.391384817491878323e+01
4.324402702702702328e+00 5.712135286354136099e+01
4.344422622622621688e+00 5.757913247928856748e+01
4.364442542542541936e+00 5.595931425747111376e+01
4.384462462462462184e+00 5.228475806483637456e+01
4.404482382382381545e+00 4.745975239402758206e+01
4.424502302302301793e+00 4.573536789648442635e+01
4.444522222222222041e+00 5.171756467395496770e+01
4.464542142142141401e+00 6.338249853651327470e+01
4.484562062062061649e+00 7.486040826814939919e+01
4.504581981981981897e+00 8.156405873972532561e+01
4.524601901901901257e+00 8.108307011931221098e+01
4.544621821821821506e+00 7.339328024445509868e+01
4.564641741741740866e+00 6.039438345184485257e+01
4.584661661661661114e+00 4.513051938824180809e+01
4.604681581581581362e+00 3.148456479493134808e+01
4.624701501501500722e+00 2.250330831933673537e+01
4.644721421421420970e+00 1.764439103091535443e+01
4.664741341341341219e+00 1.516150093421646616e+01
4.684761261261260579e+00 1.808282844519595400e+01
4.704781181181180827e+00 2.719402242041305584e+01
4.724801101101100187e+00 3.789909250991274092e+01
4.744821021021020435e+00 4.702782522681563648e+01
4.764840940940940683e+00 5.371221546246299283e+01
4.784860860860860043e+00 5.824243704163905733e+01
4.804880780780780292e+00 6.000239144427924032e+01
4.824900700700700540e+00 5.750001226211148975e+01
4.844920620620619900e+00 5.034261761136107083e+01
4.864940540540540148e+00 4.086806215172348544e+01
4.884960460460459508e+00 3.471902113579010773e+01
4.904980380380379756e+00 3.559324271157596797e+01
4.925000300300300005e+00 3.858518011777614731e+01
4.945020220220219365e+00 3.791125506641491683e+01
4.965040140140139613e+00 3.300770213599221137e+01
4.985060060060059861e+00 2.782030905759333450e+01
5.005079979979979221e+00 2.659629813682806443e+01
5.025099899899899469e+00 2.769142832667385790e+01
5.045119819819818829e+00 2.646691961134099813e+01
5.065139739739739078e+00 2.164063297237152739e+01
5.085159659659659326e+00 1.555447392853804622e+01
5.105179579579578686e+00 1.223847239010760646e+01
5.125199499499498934e+00 1.545437109209710869e+01
5.145219419419419182e+00 2.544389804051120763e+01
5.165239339339338542e+00 3.972076106553215169e+01
5.185259259259258791e+00 5.435522660647730930e+01
5.205279179179179039e+00 6.491389893446654469e+01
5.225299099099098399e+00 6.792299041415624572e+01
5.245319019019018647e+00 6.236632213413634673e+01
5.265338938938938007e+00 5.024525594477471202e+01
5.285358858858858255e+00 3.580627440822551222e+01
5.305378778778778504e+00 2.460991104866339541e+01
5.325398698698697864e+00 2.183502355631047465e+01
5.345418618618618112e+00 2.611993885893710399e+01
5.365438538538538360e+00 3.227999669773294755e+01
5.385458458458457720e+00 3.721836354196123153e+01
5.405478378378377968e+00 3.864708663054567950e+01
5.425498298298297328e+00 3.531236457169519127e+01
5.445518218218217577e+00 2.830083257371128269e+01
5.465538138138137825e+00 2.177829312307869003e+01
5.485558058058057185e+00 2.133755473247854439e+01
5.505577977977977433e+00 2.528947119189409776e+01
5.525597897897897681e+00 2.765379712439941073e+01
5.545617817817817041e+00 2.602968027389897188e+01
5.565637737737737289e+00 2.112073095010817880e+01
5.585657657657656650e+00 1.667907156670858626e+01
5.605677577577576898e+00 1.872933102944896433e+01
5.625697497497497146e+00 2.606739177491513360e+01
5.645717417417416506e+00 3.291654857065940121e+01
5.665737337337336754e+00 3.585374882773349015e+01
5.685757257257257002e+00 3.337995452251986706e+01
5.705777177177176362e+00 2.574169121584919395e+01
5.725797097097096611e+00 1.552467136756188459e+01
5.745817017017015971e+00 1.034980704907444427e+01
5.765836936936936219e+00 1.650675978360458274e+01
5.785856856856856467e+00 2.394076764409683022e+01
5.805876776776775827e+00 2.915685492892151132e+01
5.825896696696696075e+00 3.184060627993581960e+01
5.845916616616616324e+00 3.153753855852925625e+01
5.865936536536535684e+00 2.746329972480021908e+01
5.885956456456455932e+00 1.942072754441160498e+01
5.905976376376376180e+00 9.271957693401139622e+00
5.925996296296295540e+00 6.482063819684373840e+00
5.946016216216215788e+00 1.240573534023524971e+01
5.966036136136135148e+00 1.401871037534381870e+01
5.986056056056055397e+00 1.066095198239752406e+01
6.006075975975975645e+00 1.140146731267384084e+01
6.026095895895895005e+00 2.223888254090630312e+01
6.046115815815815253e+00 3.411638349596431397e+01
6.066135735735735501e+00 4.246153507544245542e+01
6.086155655655654861e+00 4.558396362545612845e+01
6.106175575575575110e+00 4.366098090686669053e+01
6.126195495495494470e+00 3.796359896257791888e+01
6.146215415415414718e+00 3.039998653859092670e+01
6.166235335335334966e+00 2.410070359285224129e+01
6.186255255255254326e+00 2.353538504268343345e+01
6.206275175175174574e+00 2.854263621916830829e+01
6.226295095095094823e+00 3.365227147705994781e+01
6.246315015015014183e+00 3.494064554123139743e+01
6.266334934934934431e+00 3.141813818846539164e+01
6.286354854854853791e+00 2.481456019167340443e+01
6.306374774774774039e+00 1.885421650117324432e+01
6.326394694694694287e+00 1.668780405728821492e+01
6.346414614614613647e+00 1.673121739344343695e+01
6.366434534534533896e+00 1.588101866211729174e+01
6.386454454454454144e+00 1.380956751528191440e+01
6.406474374374373504e+00 1.203818317604549648e+01
6.426494294294293752e+00 1.340489766147325490e+01
6.446514214214214000e+00 2.053769044412418410e+01
6.466534134134133360e+00 3.222894411840035644e+01
6.486554054054053609e+00 4.521749131918779341e+01
6.506573973973972969e+00 5.586969532277151274e+01
6.526593893893893217e+00 6.103510499056940120e+01
6.546613813813813465e+00 5.916981635297898379e+01
6.566633733733732825e+00 5.105521076555986326e+01
6.586653653653653073e+00 3.954461741500163185e+01
6.606673573573573321e+00 2.932929550492511694e+01
6.626693493493492682e+00 2.621906398703179519e+01
6.646713413413412930e+00 3.036742312299934810e+01
6.666733333333332290e+00 3.542940792866109945e+01
6.686753253253252538e+00 3.688664717218873790e+01
6.706773173173172786e+00 3.317408102159885885e+01
6.726793093093092146e+00 2.580725061555030209e+01
6.746813013013012394e+00 2.200095806852290536e+01
6.766832932932932643e+00 2.908331256637696782e+01
6.786852852852852003e+00 3.980034377188242445e+01
6.806872772772772251e+00 4.690442612847247261e+01
6.826892692692691611e+00 4.826398253646897984e+01
6.846912612612611859e+00 4.546868238077482260e+01
6.866932532532532107e+00 4.239398385955265525e+01
6.886952452452451467e+00 4.199658602113340322e+01
6.906972372372371716e+00 4.394827642702247772e+01
6.926992292292291964e+00 4.668942834474501069e+01
6.947012212212211324e+00 4.946321349291740432e+01
6.967032132132131572e+00 5.135350857566101013e+01
6.987052052052050932e+00 5.035007563694061616e+01
7.007071971971971180e+00 4.430967066330694593e+01
7.027091891891891429e+00 3.283385302596751387e+01
7.047111811811810789e+00 1.850636575752988833e+01
7.067131731731731037e+00 9.711587010858862001e+00
7.087151651651651285e+00 1.498292464700813831e+01
7.107171571571570645e+00 1.851203549598686138e+01
7.127191491491490893e+00 1.509916057251111532e+01
7.147211411411411142e+00 6.202795743168694642e+00
7.167231331331330502e+00 8.007639571967782643e+00
7.187251251251250750e+00 1.923067433010306004e+01
7.207271171171170110e+00 2.740817740303840822e+01
7.227291091091090358e+00 3.128003243925361687e+01
7.247311011011010606e+00 3.147398241676241426e+01
7.267330930930929966e+00 2.964803211985600129e+01
7.287350850850850215e+00 2.759108388346587049e+01
7.307370770770770463e+00 2.687051099303337054e+01
7.327390690690689823e+00 2.889793464475989282e+01
7.347410610610610071e+00 3.377808778083725372e+01
7.367430530530529431e+00 3.964239838460180465e+01
7.387450450450449679e+00 4.399814102952103667e+01
7.407470370370369928e+00 4.485598127212873010e+01
7.427490290290289288e+00 4.118438275134470672e+01
7.447510210210209536e+00 3.331405660723972062e+01
7.467530130130129784e+00 2.292530821592245616e+01
7.487550050050049144e+00 1.256492604002148994e+01
7.507569969969969392e+00 5.406938521183396240e+00
7.527589889889888752e+00 3.069482474559739327e+00
7.547609809809809001e+00 2.463171922224954624e+00
7.567629729729729249e+00 1.087927206580445016e+01
7.587649649649648609e+00 2.321745152350859343e+01
7.607669569569568857e+00 3.552647857400616971e+01
7.627689489489489105e+00 4.417852858537874994e+01
7.647709409409408465e+00 4.663517317438890331e+01
7.667729329329328714e+00 4.230555044704406242e+01
7.687749249249248962e+00 3.311698903834961527e+01
7.707769169169168322e+00 2.307562383169365106e+01
7.727789089089088570e+00 1.629991894328088975e+01
7.747809009009007930e+00 1.285913451387216355e+01
7.767828928928928178e+00 9.242641765888430783e+00
7.787848848848848426e+00 8.459910878193525718e+00
7.807868768768767787e+00 1.537566806358396221e+01
7.827888688688688035e+00 2.284073557528642340e+01
7.847908608608608283e+00 2.648975097459132755e+01
7.867928528528527643e+00 2.493979321890066103e+01
7.887948448448447891e+00 1.892031119267981154e+01
7.907968368368367251e+00 1.053811016194717176e+01
7.927988288288287499e+00 3.672043042846580896e+00
7.948008208208207748e+00 7.699924627495294160e+00
7.968028128128127108e+00 1.306732508706958207e+01
7.988048048048047356e+00 1.600154163592107182e+01
8.008067967967967604e+00 1.526981167850686383e+01
8.028087887887886964e+00 1.012852022826185738e+01
8.048107807807806324e+00 4.417649600856599967e+00
8.068127727727727461e+00 1.454371583517733058e+01
8.088147647647646821e+00 2.698932841141786554e+01
8.108167567567566181e+00 3.618112252883157964e+01
8.128187487487487317e+00 3.964556790366911798e+01
8.148207407407406677e+00 3.699535179129850349e+01
8.168227327327326037e+00 3.041943851922453490e+01
8.188247247247247174e+00 2.410727069201034922e+01
8.208267167167166534e+00 2.156331503265282024e+01
8.228287087087085894e+00 2.193336426926243377e+01
8.248307007007007030e+00 2.274023262859467920e+01
8.268326926926926390e+00 2.349986699702375859e+01
8.288346846846845750e+00 2.395579378440713469e+01
8.308366766766765110e+00 2.252144753862661020e+01
8.328386686686686247e+00 1.773956714917601829e+01
8.348406606606605607e+00 1.119680914436380803e+01
8.368426526526524967e+00 1.161762431274806318e+01
8.388446446446446103e+00 1.881050976029004218e+01
8.408466366366365463e+00 2.342320889369815262e+01
8.428486286286284823e+00 2.226014240913076492e+01
8.448506206206205960e+00 1.590118859897824066e+01
8.468526126126125320e+00 1.062573375377793461e+01
8.488546046046044680e+00 1.708857007400478878e+01
8.508565965965965816e+00 2.671258781636815627e+01
8.528585885885885176e+00 3.321426906832970616e+01
8.548605805805804536e+00 3.527434237218474777e+01
8.568625725725725673e+00 3.348448107914116889e+01
8.588645645645645033e+00 2.970450242447316924e+01
8.608665565565564393e+00 2.664148995473153292e+01
8.628685485485485529e+00 2.660974101574432638e+01
8.648705405405404889e+00 2.925457215426367696e+01
8.668725325325324249e+00 3.194303403795878182e+01
8.688745245245243609e+00 3.239692050133636769e+01
8.708765165165164746e+00 2.993845068983034707e+01
8.728785085085084106e+00 2.543937592618541643e+01
8.748805005005003466e+00 2.042058206029205891e+01
8.768824924924924602e+00 1.575305161151258559e+01
8.788844844844843962e+00 1.097767969053956705e+01
8.808864764764763322e+00 5.524684780397170591e+00
8.828884684684684458e+00 2.104608555264647851e+00
8.848904604604603819e+00 5.033708887042333657e+00
8.868924524524523179e+00 5.530154763706821797e+00
8.888944444444444315e+00 6.238996889714830019e+00
8.908964364364363675e+00 1.538611702684982774e+01
8.928984284284283035e+00 2.880292418876288707e+01
8.949004204204204171e+00 4.205029017077748676e+01
8.969024124124123531e+00 5.164039431653716150e+01
8.989044044044042892e+00 5.536196209580771210e+01
9.009063963963964028e+00 5.309034070370096714e+01
9.029083883883883388e+00 4.683666224023659197e+01
9.049103803803802748e+00 3.969431832525643244e+01
9.069123723723722108e+00 3.400626865306105628e+01
9.089143643643643244e+00 3.001966239534143455e+01
9.109163563563562604e+00 2.684364023091489315e+01
9.129183483483481965e+00 2.439730641930652055e+01
9.149203403403403101e+00 2.320506845664689521e+01
9.169223323323322461e+00 2.272557955785813633e+01
9.189243243243241821e+00 2.145731482023465730e+01
9.209263163163162957e+00 1.832086078575498078e+01
9.229283083083082317e+00 1.357245226590026554e+01
9.249303003003001677e+00 9.066953706732748586e+00
9.269322922922922814e+00 7.047591614761449463e+00
9.289342842842842174e+00 6.320154273912610421e+00
9.309362762762761534e+00 4.002942675359316027e+00
9.329382682682682670e+00 5.020716187920875484e+00
9.349402602602602030e+00 1.366373499950967307e+01
9.369422522522521390e+00 2.403189826713465393e+01
9.389442442442440750e+00 3.332019802771411321e+01
9.409462362362361887e+00 3.922936085572754905e+01
9.429482282282281247e+00 4.035749195232746445e+01
9.449502202202200607e+00 3.662521347182487830e+01
9.469522122122121743e+00 2.951230229822348150e+01
9.489542042042041103e+00 2.185632742302228948e+01
9.509561961961960463e+00 1.674422071598143091e+01
9.529581881881881600e+00 1.521259952418060735e+01
9.549601801801800960e+00 1.562508632139131493e+01
9.569621721721720320e+00 1.678965497955936215e+01
9.589641641641641456e+00 1.815979235151967330e+01
9.609661561561560816e+00 1.864204196504046607e+01
9.629681481481480176e+00 1.747752263996797950e+01
9.649701401401401313e+00 1.591466810915041741e+01
9.669721321321320673e+00 1.727140694000392429e+01
9.689741241241240033e+00 2.210275231182441047e+01
9.709761161161161169e+00 2.752677491923575914e+01
9.729781081081080529e+00 3.185235231948779600e+01
9.749801001000999889e+00 3.540754601465461349e+01
9.769820920920919249e+00 3.912446108232940389e+01
9.789840840840840386e+00 4.282238933132462932e+01
9.809860760760759746e+00 4.522723698072794463e+01
9.829880680680679106e+00 4.529172192411642328e+01
9.849900600600600242e+00 4.279273670380416661e+01
9.869920520520519602e+00 3.796585064744744642e+01
9.889940440440438962e+00 3.109515655903615183e+01
9.909960360360360099e+00 2.260589305211242461e+01
9.929980280280279459e+00 1.416334323804589879e+01
9.950000200200198819e+00 1.118255950020591705e+01
9.970020120120119955e+00 1.480280110342727973e+01
9.990040040040039315e+00 1.668951174850846897e+01
1.001005995995995868e+01 1.310312826864369917e+01
1.003007987987987981e+01 4.118426698641015626e+00
1.005009979979979917e+01 8.377826924204326176e+00
1.007011971971971853e+01 2.030410195656951089e+01
1.009013963963963789e+01 2.853212696216500888e+01
1.011015955955955903e+01 3.099310367580067904e+01
1.013017947947947839e+01 2.783122140402406330e+01
1.015019939939939775e+01 2.128012518517447305e+01
1.017021931931931888e+01 1.465425560602110622e+01
1.019023923923923824e+01 1.058190135722768233e+01
1.021025915915915760e+01 1.008164826824960336e+01
1.023027907907907874e+01 1.458715856455743243e+01
1.025029899899899810e+01 2.276021924898937954e+01
1.027031891891891746e+01 3.068339811266075046e+01
1.029033883883883860e+01 3.483462329788619627e+01
1.031035875875875796e+01 3.322543887152869502e+01
1.033037867867867732e+01 2.619895097956187158e+01
1.035039859859859845e+01 1.740854253878713109e+01
1.037041851851851781e+01 1.554032153035193708e+01
1.039043843843843717e+01 2.179138602946471082e+01
1.041045835835835831e+01 2.694136613092486954e+01
1.043047827827827767e+01 2.719391588760555578e+01
1.045049819819819703e+01 2.218366636974037220e+01
1.047051811811811639e+01 1.339107241985656493e+01
1.049053803803803753e+01 6.245795717568477734e+00
1.051055795795795689e+01 1.336753848012129531e+01
1.053057787787787625e+01 2.244564659510615812e+01
1.055059779779779738e+01 2.793653054387383250e+01
1.057061771771771674e+01 2.847501373786942480e+01
1.059063763763763610e+01 2.434051310074647745e+01
1.061065755755755724e+01 1.759906361560239318e+01
1.063067747747747660e+01 1.244883190354219771e+01
1.065069739739739596e+01 1.294213614738168694e+01
1.067071731731731710e+01 1.589449099721652914e+01
1.069073723723723646e+01 1.796615584012243261e+01
1.071075715715715582e+01 1.928362513694595037e+01
1.073077707707707695e+01 2.034700983204708535e+01
1.075079699699699631e+01 2.026763628288631125e+01
1.077081691691691567e+01 1.790663613621328309e+01
1.079083683683683503e+01 1.433068960512475876e+01
1.081085675675675617e+01 1.418952568920044222e+01
1.083087667667667553e+01 1.879021981248702744e+01
1.085089659659659489e+01 2.289630860406317581e+01
1.087091651651651603e+01 2.287837133468260831e+01
1.089093643643643539e+01 1.780152791443602922e+01
1.091095635635635475e+01 8.885755883761314422e+00
1.093097627627627588e+01 3.947100667182852352e+00
1.095099619619619524e+01 1.283424195167560988e+01
1.097101611611611460e+01 1.968198379411010990e+01
1.099103603603603574e+01 2.281049767185452382e+01
1.101105595595595510e+01 2.254430253796150296e+01
1.103107587587587446e+01 2.023965749015493287e+01
1.105109579579579560e+01 1.794184376990762786e+01
1.107111571571571496e+01 1.806560186414423441e+01
1.109113563563563432e+01 2.162696921655927795e+01
1.111115555555555545e+01 2.700695886046352356e+01
1.113117547547547481e+01 3.184825525237076604e+01
1.115119539539539417e+01 3.434559848944086013e+01
1.117121531531531353e+01 3.353602293987843552e+01
1.119123523523523467e+01 2.936411021045599412e+01
1.121125515515515403e+01 2.257135213390337469e+01
1.123127507507507339e+01 1.441092581593364308e+01
1.125129499499499452e+01 6.364576340488842021e+00
1.127131491491491389e+01 9.821602954877436398e-01
1.129133483483483325e+01 4.437466389193883032e+00
1.131135475475475438e+01 6.360653772438672249e+00
1.133137467467467374e+01 9.267292194778011805e+00
1.135139459459459310e+01 1.549226615416893083e+01
1.137141451451451424e+01 2.330353343075442751e+01
1.139143443443443360e+01 3.005508037730922410e+01
1.141145435435435296e+01 3.366962176597878909e+01
1.143147427427427409e+01 3.318352033006137702e+01
1.145149419419419345e+01 2.912571653548289063e+01
1.147151411411411281e+01 2.339411361183880800e+01
1.149153403403403217e+01 1.849707995331833388e+01
1.151155395395395331e+01 1.630507776909303175e+01
1.153157387387387267e+01 1.721322930879071933e+01
1.155159379379379203e+01 2.078474094859197763e+01
1.157161371371371317e+01 2.587060539409418070e+01
1.159163363363363253e+01 3.043176256501944010e+01
1.161165355355355189e+01 3.242796545679205877e+01
1.163167347347347302e+01 3.068257489828117102e+01
1.165169339339339238e+01 2.532849439965530181e+01
1.167171331331331174e+01 1.822902251472241630e+01
1.169173323323323288e+01 1.371372676878725905e+01
1.171175315315315224e+01 1.554120199600892072e+01
1.173177307307307160e+01 1.933718913252842952e+01
1.175179299299299274e+01 2.038618634423908560e+01
1.177181291291291210e+01 1.681172561060979476e+01
1.179183283283283146e+01 8.440937622188608103e+00
1.181185275275275259e+01 6.172735366975373061e+00
1.183187267267267195e+01 2.082060209638859405e+01
1.185189259259259131e+01 3.570335412476614323e+01
1.187191251251251067e+01 4.748485669027278533e+01
1.189193243243243181e+01 5.396075842047476812e+01
1.191195235235235117e+01 5.438884299148597989e+01
1.193197227227227053e+01 4.968219358975662914e+01
1.195199219219219167e+01 4.186726001890137638e+01
1.197201211211211103e+01 3.309637984333988214e+01
1.199203203203203039e+01 2.473644533722757188e+01
1.201205195195195152e+01 1.738570057075417452e+01
1.203207187187187088e+01 1.260543129814818109e+01
1.205209179179179024e+01 1.318127956347280438e+01
1.207211171171171138e+01 1.650582604290041289e+01
1.209213163163163074e+01 1.812443842788197657e+01
1.211215155155155010e+01 1.659653538026118369e+01
1.213217147147147124e+01 1.319999215889478172e+01
1.215219139139139060e+01 1.166446883727771144e+01
1.217221131131130996e+01 1.387509222745844184e+01
1.219223123123123109e+01 1.684137745017401144e+01
1.221225115115115045e+01 1.928405989593043302e+01
1.223227107107106981e+01 2.277345197881760797e+01
1.225229099099098917e+01 2.837159548211395688e+01
1.227231091091091031e+01 3.451289185938933457e+01
1.229233083083082967e+01 3.869511834329854594e+01
1.231235075075074903e+01 3.925938597063300506e+01
1.233237067067067017e+01 3.602729297552351539e+01
1.235239059059058953e+01 3.020225148072404764e+01
1.237241051051050889e+01 2.371057888898462451e+01
1.239243043043043002e+01 1.826921968085848391e+01
1.241245035035034938e+01 1.447642793788575410e+01
1.243247027027026874e+01 1.165287918365960884e+01
1.245249019019018988e+01 8.858435646917488526e+00
1.247251011011010924e+01 5.634557703745509905e+00
1.249253003003002860e+01 1.830478479588010465e+00
1.251254994994994973e+01 2.930137358955202220e+00
1.253256986986986909e+01 8.187750584495626427e+00
1.255258978978978845e+01 1.356188592932619841e+01
1.257260970970970781e+01 1.801690394237511939e+01
1.259262962962962895e+01 2.046097817385293638e+01
1.261264954954954831e+01 2.017823672619834241e+01
1.263266946946946767e+01 1.735086127967110414e+01
1.265268938938938881e+01 1.416112517589817799e+01
1.267270930930930817e+01 1.526075863971352931e+01
1.269272922922922753e+01 2.103574849699495530e+01
1.271274914914914866e+01 2.711823463018109237e+01
1.273276906906906802e+01 3.060896038068973368e+01
1.275278898898898738e+01 3.044226133618940011e+01
1.277280890890890852e+01 2.719681837894496823e+01
1.279282882882882788e+01 2.315070201062150090e+01
1.281284874874874724e+01 2.132360871674601199e+01
1.283286866866866838e+01 2.210974416355113448e+01
1.285288858858858774e+01 2.261743929139032261e+01
1.287290850850850710e+01 2.041672518099930045e+01
1.289292842842842823e+01 1.500950004438717222e+01
1.291294834834834759e+01 7.447767891139204899e+00
1.293296826826826695e+01 1.194517395365194190e+00
1.295298818818818631e+01 6.820818238553163049e+00
1.297300810810810745e+01 9.963665231565075331e+00
1.299302802802802681e+01 9.819330052505476303e+00
1.301304794794794617e+01 7.247249659657359899e+00
1.303306786786786731e+01 4.442016439980571718e+00
1.305308778778778667e+01 4.415719961008816696e+00
1.307310770770770603e+01 5.401438136433140080e+00
1.309312762762762716e+01 5.422726314119833191e+00
1.311314754754754652e+01 6.492094831852289083e+00
1.313316746746746588e+01 1.045073851357462935e+01
1.315318738738738702e+01 1.532389845956745056e+01
1.317320730730730638e+01 1.918760532789809403e+01
1.319322722722722574e+01 2.122724299764782074e+01
1.321324714714714688e+01 2.182206185398353071e+01
1.323326706706706624e+01 2.242320666711457022e+01
1.325328698698698560e+01 2.436475089272937566e+01
1.327330690690690496e+01 2.730441392543020740e+01
1.329332682682682609e+01 2.957864658858547102e+01
1.331334674674674545e+01 2.954262207924869088e+01
1.333336666666666481e+01 2.620975050296096498e+01
1.335338658658658595e+01 1.947264812871579309e+01
1.337340650650650531e+01 1.027856276474921948e+01
1.339342642642642467e+01 5.063008560874376229e+00
1.341344634634634581e+01 1.415205042548109660e+01
1.343346626626626517e+01 2.322564240605031216e+01
1.345348618618618453e+01 2.919475781570244877e+01
1.347350610610610566e+01 3.125548905395793398e+01
1.349352602602602502e+01 2.977193620503254934e+01
1.351354594594594438e+01 2.647979357330813599e+01
1.353356586586586552e+01 2.433270767265123524e+01
1.355358578578578488e+01 2.552874754105060617e+01
1.357360570570570424e+01 2.899474912501321455e+01
1.359362562562562537e+01 3.214753110404402037e+01
1.361364554554554473e+01 3.330404665675750664e+01
1.363366546546546410e+01 3.197786819832156624e+01
1.365368538538538346e+01 2.862945163596993581e+01
1.367370530530530459e+01 2.436687410247994734e+01
1.369372522522522395e+01 2.054154459771603669e+01
1.371374514514514331e+01 1.795930238286661762e+01
1.373376506506506445e+01 1.599966009598827199e+01
1.375378498498498381e+01 1.321944982872713759e+01
1.377380490490490317e+01 9.164721915777258587e+00
1.379382482482482430e+01 6.762873857446622949e+00
1.381384474474474366e+01 1.042019653981388316e+01
1.383386466466466302e+01 1.543343094490010614e+01
1.385388458458458416e+01 1.820432297831062485e+01
1.387390450450450352e+01 1.763842300852408584e+01
1.389392442442442288e+01 1.423456745330493867e+01
1.391394434434434402e+01 9.981306878723284370e+00
1.393396426426426338e+01 7.797225495961106922e+00
1.395398418418418274e+01 8.110251052406370675e+00
1.397400410410410210e+01 9.305185088532063276e+00
1.399402402402402323e+01 1.331709348432714002e+01
1.401404394394394259e+01 2.106578859493655287e+01
1.403406386386386195e+01 2.986064379934577673e+01
1.405408378378378309e+01 3.653556259644791737e+01
1.407410370370370245e+01 3.881437024259734869e+01
1.409412362362362181e+01 3.583744202991554317e+01
1.411414354354354295e+01 2.846432187409873649e+01
1.413416346346346231e+01 1.918654498918786899e+01
1.415418338338338167e+01 1.175791425906100685e+01
1.417420330330330280e+01 9.848391311506121681e+00
1.419422322322322216e+01 1.167849897997498054e+01
1.421424314314314152e+01 1.536885245494280028e+01
1.423426306306306266e+01 2.200252830995066944e+01
1.425428298298298202e+01 3.037256001806924743e+01
1.427430290290290138e+01 3.771600266325824435e+01
1.429432282282282252e+01 4.180729291346963805e+01
1.431434274274274188e+01 4.167121078088935349e+01
1.433436266266266124e+01 3.766069248769528599e+01
1.435438258258258060e+01 3.119068375823584915e+01
1.437440250250250173e+01 2.414583971872551160e+01
1.439442242242242109e+01 1.830997203733059919e+01
1.441444234234234045e+01 1.514608582448341245e+01
1.443446226226226159e+01 1.499182292438315400e+01
1.445448218218218095e+01 1.616428514228319102e+01
1.447450210210210031e+01 1.653550195233393083e+01
1.449452202202202145e+01 1.494526252855354898e+01
1.451454194194194081e+01 1.138376543733868651e+01
1.453456186186186017e+01 6.968325939056863483e+00
1.455458178178178130e+01 4.362482368493889595e+00
1.457460170170170066e+01 5.483757877632467803e+00
1.459462162162162002e+01 6.746363728236947743e+00
1.461464154154154116e+01 6.757197881321535426e+00
1.463466146146146052e+01 6.158367381851140188e+00
1.465468138138137988e+01 6.226978522183631348e+00
1.467470130130129924e+01 7.940904605845648057e+00
1.469472122122122038e+01 1.142979450030391675e+01
1.471474114114113974e+01 1.610956518815017802e+01
1.473476106106105910e+01 2.079530897729330974e+01
1.475478098098098023e+01 2.407652020218161937e+01
1.477480090090089959e+01 2.490479779229118407e+01
1.479482082082081895e+01 2.301211118423277213e+01
1.481484074074074009e+01 1.908035746999447113e+01
1.483486066066065945e+01 1.470864178314329607e+01
1.485488058058057881e+01 1.194585153043702341e+01
1.487490050050049994e+01 1.154584014500543354e+01
1.489492042042041930e+01 1.192927306119953101e+01
1.491494034034033866e+01 1.156013173134272876e+01
1.493496026026025980e+01 1.009718914839952930e+01
1.495498018018017916e+01 8.283403236912128875e+00
1.497500010010009852e+01 8.151543270382637374e+00
1.499502002002001966e+01 1.075768184014109963e+01
1.501503993993993902e+01 1.408844359437213534e+01
1.503505985985985838e+01 1.604179412791367554e+01
1.505507977977977774e+01 1.543989953811274951e+01
1.507509969969969887e+01 1.220233798715891815e+01
1.509511961961961823e+01 8.195943998387997809e+00
1.511513953953953759e+01 8.950690720780007936e+00
1.513515945945945873e+01 1.427688961959002611e+01
1.515517937937937809e+01 1.914289726139523395e+01
1.517519929929929745e+01 2.160951952299240020e+01
1.519521921921921859e+01 2.127334745574254882e+01
1.521523913913913795e+01 1.865169823169488339e+01
1.523525905905905731e+01 1.499199223391847902e+01
1.525527897897897844e+01 1.224163474622798198e+01
1.527529889889889780e+01 1.217619654173004307e+01
1.529531881881881716e+01 1.407217759707623728e+01
1.531533873873873830e+01 1.585385504625345199e+01
1.533535865865865766e+01 1.638559684138868633e+01
1.535537857857857702e+01 1.559065044170924352e+01
1.537539849849849816e+01 1.411126177373109236e+01
1.539541841841841752e+01 1.290455656040504984e+01
1.541543833833833688e+01 1.276083154273731957e+01
1.543545825825825624e+01 1.397242068902574452e+01
1.545547817817817737e+01 1.619944972083337120e+01
1.547549809809809673e+01 1.839816944859092374e+01
1.549551801801801609e+01 1.906136430106356272e+01
1.551553793793793723e+01 1.678975085271182976e+01
1.553555785785785659e+01 1.102274070309009346e+01
1.555557777777777595e+01 4.630928043094997726e+00
1.557559769769769709e+01 1.180397453981026423e+01
1.559561761761761645e+01 2.234071184777795693e+01
1.561563753753753581e+01 3.059709905514777617e+01
1.563565745745745694e+01 3.469206722737079929e+01
1.565567737737737630e+01 3.409288891774356500e+01
1.567569729729729566e+01 2.983995730029436544e+01
1.569571721721721680e+01 2.440931565049874763e+01
1.571573713713713616e+01 2.076620671484231551e+01
1.573575705705705552e+01 1.994208441116167307e+01
1.575577697697697488e+01 1.986386452868839569e+01
1.577579689689689602e+01 1.827810034589504440e+01
1.579581681681681538e+01 1.453124038455904277e+01
1.581583673673673474e+01 9.168082726137630090e+00
1.583585665665665587e+01 3.178800903485530682e+00
1.585587657657657523e+01 2.687455195885780856e+00
1.587589649649649459e+01 7.699654947525310433e+00
1.589591641641641573e+01 1.163741915308322561e+01
1.591593633633633509e+01 1.418363126952986697e+01
1.593595625625625445e+01 1.525777293189414863e+01
1.595597617617617558e+01 1.563762199694016530e+01
1.597599609609609494e+01 1.730691885734498925e+01
1.599601601601601431e+01 2.166540381411595462e+01
1.601603593593593544e+01 2.761197431003237313e+01
1.603605585585585303e+01 3.305583182511758622e+01
1.605607577577577416e+01 3.649919403001710094e+01
1.607609569569569530e+01 3.748315997297206081e+01
1.609611561561561288e+01 3.654380706438481496e+01
1.611613553553553402e+01 3.465248664900676090e+01
1.613615545545545515e+01 3.230082754411450452e+01
1.615617537537537274e+01 2.914508366621403113e+01
1.617619529529529387e+01 2.471070820359444653e+01
1.619621521521521501e+01 1.934960449773630842e+01
1.621623513513513259e+01 1.458928243694715654e+01
1.623625505505505373e+01 1.221011932816136891e+01
1.625627497497497487e+01 1.186408014946009892e+01
1.627629489489489245e+01 1.184702389825666202e+01
1.629631481481481359e+01 1.221635206867187939e+01
1.631633473473473472e+01 1.400415240951414297e+01
1.633635465465465231e+01 1.660883636014382247e+01
1.635637457457457344e+01 1.850019216991984550e+01
1.637639449449449458e+01 1.929232291225524420e+01
1.639641441441441216e+01 2.032457547979282708e+01
1.641643433433433330e+01 2.316327896082021809e+01
1.643645425425425444e+01 2.724203176422707173e+01
1.645647417417417202e+01 3.050276417105398252e+01
1.647649409409409316e+01 3.135064593731362592e+01
1.649651401401401429e+01 2.934861696076761461e+01
1.651653393393393188e+01 2.501642158467692667e+01
1.653655385385385301e+01 1.934163440464839567e+01
1.655657377377377415e+01 1.349440932123991388e+01
1.657659369369369173e+01 9.044230613640474203e+00
1.659661361361361287e+01 7.851426314308551646e+00
1.661663353353353045e+01 8.701982030282117364e+00
1.663665345345345159e+01 8.498049614925832884e+00
1.665667337337337273e+01 6.559155808640167784e+00
1.667669329329329031e+01 6.945701446661971090e+00
1.669671321321321145e+01 1.288727025328651266e+01
1.671673313313313258e+01 1.999529487044979348e+01
1.673675305305305017e+01 2.536822491626332265e+01
1.675677297297297130e+01 2.753285083541584655e+01
1.677679289289289244e+01 2.619453031010180055e+01
1.679681281281281002e+01 2.219311250996844009e+01
1.681683273273273116e+01 1.731289621352305019e+01
1.683685265265265230e+01 1.399536875152710458e+01
1.685687257257256988e+01 1.391913429904034238e+01
1.687689249249249102e+01 1.580605928168861318e+01
1.689691241241241215e+01 1.739781417325531621e+01
1.691693233233232974e+01 1.744364483783557773e+01
1.693695225225225087e+01 1.554939762014301152e+01
1.695697217217217201e+01 1.203862557642536224e+01
1.697699209209208959e+01 7.947591966469739866e+00
1.699701201201201073e+01 4.805627194082052966e+00
1.701703193193193187e+01 3.693487321262701961e+00
1.703705185185184945e+01 3.387182272577002440e+00
1.705707177177177059e+01 2.965338776298615642e+00
1.707709169169169172e+01 3.080625510387759114e+00
1.709711161161160931e+01 3.106733369321270199e+00
1.711713153153153044e+01 2.402369232662803888e+00
1.713715145145145158e+01 4.836558010964345122e+00
1.715717137137136916e+01 1.047702792057561538e+01
1.717719129129129030e+01 1.651327372030636553e+01
1.719721121121121143e+01 2.089411966617823779e+01
1.721723113113112902e+01 2.211195757448435728e+01
1.723725105105105015e+01 1.965885794600420056e+01
1.725727097097097129e+01 1.438636561422104698e+01
1.727729089089088887e+01 9.022550173334305867e+00
1.729731081081081001e+01 8.969610294906885883e+00
1.731733073073073115e+01 1.314357701106739462e+01
1.733735065065064873e+01 1.663565580691834711e+01
1.735737057057056987e+01 1.813223784138327588e+01
1.737739049049048745e+01 1.745225688537197684e+01
1.739741041041040859e+01 1.466532897064180396e+01
1.741743033033032972e+01 1.033227853116502537e+01
1.743745025025024731e+01 7.215646913167982568e+00
1.745747017017016844e+01 1.000019093525852476e+01
1.747749009009008958e+01 1.468317572577454833e+01
1.749751001001000716e+01 1.704467124343912232e+01
1.751752992992992830e+01 1.553627408482584471e+01
1.753754984984984944e+01 1.014472034157118152e+01
1.755756976976976702e+01 2.160317322142180085e+00
1.757758968968968816e+01 6.745568550239199546e+00
1.759760960960960929e+01 1.426872843525933554e+01
1.761762952952952688e+01 1.922020088460551435e+01
1.763764944944944801e+01 2.125180764585218540e+01
1.765766936936936915e+01 2.100305613210764122e+01
1.767768928928928673e+01 1.971978002203332636e+01
1.769770920920920787e+01 1.875612934363568840e+01
1.771772912912912901e+01 1.909342822273516660e+01
1.773774904904904659e+01 2.092640334551902015e+01
1.775776896896896773e+01 2.354085871588826606e+01
1.777778888888888886e+01 2.569603555442329679e+01
1.779780880880880645e+01 2.621765449857871033e+01
1.781782872872872758e+01 2.448713414931097532e+01
1.783784864864864872e+01 2.076359946074959240e+01
1.785786856856856630e+01 1.633341684900621260e+01
1.787788848848848744e+01 1.321560676984854332e+01
1.789790840840840858e+01 1.240396737546800487e+01
1.791792832832832616e+01 1.220826331627330852e+01
1.793794824824824730e+01 1.058696167935894650e+01
1.795796816816816843e+01 7.193289625877739901e+00
1.797798808808808602e+01 5.209036994552150190e+00
1.799800800800800715e+01 9.548871460381455734e+00
1.801802792792792829e+01 1.532235428120964471e+01
1.803804784784784587e+01 1.970777875163879500e+01
1.805806776776776701e+01 2.193171570367246659e+01
1.807808768768768459e+01 2.218195012957386680e+01
1.809810760760760573e+01 2.118037928901220468e+01
1.811812752752752687e+01 1.942476641188325104e+01
1.813814744744744445e+01 1.674759685723912739e+01
1.815816736736736559e+01 1.335893534286498685e+01
1.817818728728728672e+01 1.206342774961447262e+01
1.819820720720720431e+01 1.616045824122503305e+01
1.821822712712712544e+01 2.262256693073247504e+01
1.823824704704704658e+01 2.754209630164541522e+01
1.825826696696696416e+01 2.886736344631310658e+01
1.827828688688688530e+01 2.608408693225726083e+01
1.829830680680680643e+01 1.999224088495066454e+01
1.831832672672672402e+01 1.219731136213250799e+01
1.833834664664664515e+01 4.335334798576331750e+00
1.835836656656656629e+01 2.631751028915279900e+00
1.837838648648648388e+01 8.508349718995548372e+00
1.839840640640640501e+01 1.347069261034700993e+01
1.841842632632632615e+01 1.730029875017988417e+01
1.843844624624624373e+01 1.951364672715994075e+01
1.845846616616616487e+01 2.011041535353344756e+01
1.847848608608608600e+01 2.012989549787229748e+01
1.849850600600600359e+01 2.106000622147060497e+01
1.851852592592592472e+01 2.312091983988622701e+01
1.853854584584584586e+01 2.499934641334881036e+01
1.855856576576576344e+01 2.551600032262885875e+01
1.857858568568568458e+01 2.472673833531610299e+01
1.859860560560560572e+01 2.369267609984771639e+01
1.861862552552552330e+01 2.320360788173643130e+01
1.863864544544544444e+01 2.270557158207965642e+01
1.865866536536536557e+01 2.090427547712114276e+01
1.867868528528528316e+01 1.703624436408942699e+01
1.869870520520520429e+01 1.137073687178336812e+01
1.871872512512512543e+01 5.046837749878313240e+00
1.873874504504504301e+01 2.348868866410665834e+00
1.875876496496496415e+01 6.384740905187287652e+00
1.877878488488488173e+01 9.142931410612090914e+00
1.879880480480480287e+01 1.033055684564020282e+01
1.881882472472472401e+01 1.068238872538032069e+01
1.883884464464464159e+01 1.114693045908235902e+01
1.885886456456456273e+01 1.216880779113557409e+01
1.887888448448448386e+01 1.346830478032069678e+01
1.889890440440440145e+01 1.466575579342729618e+01
1.891892432432432258e+01 1.584127720647763482e+01
1.893894424424424372e+01 1.739994605502683811e+01
1.895896416416416130e+01 1.934315089818008460e+01
1.897898408408408244e+01 2.100793491025281412e+01
1.899900400400400358e+01 2.172342806251159075e+01
1.901902392392392116e+01 2.147795158173309105e+01
1.903904384384384230e+01 2.094586161106868971e+01
1.905906376376376343e+01 2.068611628487886378e+01
1.907908368368368102e+01 2.029370259765908813e+01
1.909910360360360215e+01 1.880781660843930325e+01
1.911912352352352329e+01 1.586441267627320784e+01
1.913914344344344087e+01 1.264560779797851175e+01
1.915916336336336201e+01 1.193894668186737462e+01
1.917918328328328315e+01 1.424978228607553987e+01
1.919920320320320073e+01 1.658539537138541320e+01
1.921922312312312187e+01 1.699523655026927216e+01
1.923924304304304300e+01 1.534856340940149799e+01
1.925926296296296059e+01 1.285255083073251470e+01
1.927928288288288172e+01 1.154864302790328345e+01
1.929930280280280286e+01 1.260062663785446446e+01
1.931932272272272044e+01 1.491840854014447437e+01
1.933934264264264158e+01 1.702159910940281407e+01
1.935936256256256272e+01 1.801165888106509883e+01
1.937938248248248030e+01 1.733366819594542108e+01
1.939940240240240144e+01 1.478077736506175555e+01
1.941942232232232257e+01 1.073324747001359647e+01
1.943944224224224016e+01 6.462800029964652637e+00
1.945946216216216129e+01 5.075274747751000071e+00
1.947948208208207888e+01 7.450746532096672148e+00
1.949950200200200001e+01 9.908728791884847453e+00
1.951952192192192115e+01 1.129426024162511411e+01
1.953954184184183873e+01 1.177005958263485574e+01
1.955956176176175987e+01 1.229496489360205835e+01
1.957958168168168100e+01 1.442033304729196175e+01
1.959960160160159859e+01 1.863602572976257932e+01
1.961962152152151972e+01 2.345710736319740164e+01
1.963964144144144086e+01 2.668225416564888519e+01
1.965966136136135844e+01 2.650856547342878500e+01
1.967968128128127958e+01 2.222772026514020993e+01
1.969970120120120072e+01 1.507506781099303694e+01
1.971972112112111830e+01 1.136296549206705819e+01
1.973974104104103944e+01 1.803185962540076304e+01
1.975976096096096057e+01 2.684604910845324000e+01
1.977978088088087816e+01 3.282186984705012378e+01
1.979980080080079929e+01 3.469940370181011247e+01
1.981982072072072043e+01 3.286608990184837609e+01
1.983984064064063801e+01 2.872674822614773404e+01
1.985986056056055915e+01 2.397758156664226803e+01
1.987988048048048029e+01 1.984485254444767932e+01
1.989990040040039787e+01 1.699490644643375248e+01
1.991992032032031901e+01 1.595256885185718687e+01
1.993994024024024014e+01 1.665144048920750208e+01
1.995996016016015773e+01 1.775034159161891623e+01
1.997998008008007886e+01 1.754515787033275487e+01
2.000000000000000000e+01 1.512696820597034097e+01
