1.403284435200000048e+09 -1.375708746123336823e+00 -3.862210000000004584e+00
1.403285385599999905e+09 -1.375392216319596628e+00 -3.760659999999973024e+00
1.403286249599999905e+09 -1.375104461952503243e+00 -3.846709999999973206e+00
1.403287200000000000e+09 -1.374787932148649361e+00 -3.684070000000019718e+00
1.403370662400000095e+09 -1.346990860285643521e+00 -3.215449999999975716e+00
1.403371526400000095e+09 -1.346703105918550136e+00 -3.115079999999977645e+00
1.403372476799999952e+09 -1.346386576114809941e+00 -2.938850000000002183e+00
1.403373427200000048e+09 -1.346070046310956059e+00 -2.707510000000013406e+00
1.403452483200000048e+09 -1.319740521720291326e+00 -2.395910000000014861e+00
1.403453347200000048e+09 -1.319452767353141098e+00 -2.404809999999997672e+00
1.403454297599999905e+09 -1.319136237549400903e+00 -2.578930000000013933e+00
1.403455161599999905e+09 -1.318848483182307518e+00 -2.671600000000012187e+00
1.403536032000000000e+09 -1.317053623467984380e+00 -2.579099999999982629e+00
1.403536982399999857e+09 -1.327923777911678371e+00 -2.112469999999973425e+00
1.403537846400000095e+09 -1.337767760682254448e+00 -1.851949999999987995e+00
1.403538796799999952e+09 -1.348554050459085829e+00 -1.545569999999997890e+00
1.403625456000000000e+09 -2.108427548552583630e+00 -1.315749999999979991e+00
1.403626320000000000e+09 -2.113464428557563224e+00 -9.321760000000267610e-01
1.403627184000000000e+09 -2.118446511106981234e+00 -4.901919999999790889e-01
1.403628048000000000e+09 -2.123373705059748318e+00 -3.334229999999820393e-01
1.403880854399999857e+09 -1.389613492458977362e+00 -4.497969999999895663e-02
1.403881804799999952e+09 -1.381274956907418527e+00 1.809969999999907486e-01
1.403882755200000048e+09 -1.372925538440938453e+00 5.645170000000234722e-01
1.403883619200000048e+09 -1.365326074852191596e+00 8.414859999999748652e-01
1.403970969600000143e+09 -6.098750454113428532e-01 1.147940000000005512e+00
1.404061516799999952e+09 -8.063930514902040159e-02 1.173749999999984084e+00
1.404062467200000048e+09 -7.751948109205386572e-02 8.688970000000040272e-01
1.404063417600000143e+09 -7.445910356926788154e-02 1.065060000000016771e+00
1.404064281600000143e+09 -7.172871336541675191e-02 1.160259999999993852e+00
1.404138585599999905e+09 -3.539966432822438946e-02 1.298850000000015825e+00
1.404139536000000000e+09 -3.760093923375507075e-02 1.529819999999972424e+00
1.404140400000000000e+09 -3.966200339715442169e-02 1.484919999999988249e+00
1.404141350400000095e+09 -4.199507724445084023e-02 1.442029999999988377e+00
1.404315273599999905e+09 -1.032389010723306910e+00 1.479030000000022937e+00
1.404316051200000048e+09 -1.032130031792860336e+00 1.660329999999987649e+00
1.404316915200000048e+09 -1.031842277425766952e+00 1.608940000000018244e+00
1.404317779200000048e+09 -1.031554523058673567e+00 1.643089999999972406e+00
1.404403142399999857e+09 -1.003124391588130493e+00 1.384009999999989304e+00
1.404404006399999857e+09 -1.002836637221037108e+00 1.056249999999977263e+00
1.404404870399999857e+09 -1.002548882853943724e+00 9.678630000000225664e-01
1.404405734400000095e+09 -1.002261128486736652e+00 3.990860000000111540e-01
1.404579225599999905e+09 -9.444800515709061983e-01 -5.133990000001631415e-02
1.404580176000000000e+09 -9.441635217670523161e-01 -4.245720000000119398e-01
1.404581040000000000e+09 -9.438757673999589315e-01 -7.454349999999863030e-01
1.404581990400000095e+09 -9.435592375961050493e-01 -8.712550000000192085e-01
1.404662342399999857e+09 -9.167980814548286617e-01 -1.192270000000007713e+00
1.404663292799999952e+09 -9.164815516509747795e-01 -1.689390000000003056e+00
1.404664156799999952e+09 -9.161937972838813948e-01 -2.042329999999992651e+00
1.404665107200000048e+09 -9.158772674800275126e-01 -2.102109999999981937e+00
1.404829008000000000e+09 -8.612902640390984743e-01 -2.448100000000010823e+00
1.404829872000000000e+09 -8.610025096720050897e-01 -2.869340000000022428e+00
1.404830649599999905e+09 -8.607435307416153591e-01 -2.843000000000017735e+00
1.404831427200000048e+09 -8.604845518111687852e-01 -2.956500000000005457e+00
1.405088640000000000e+09 -7.748200767222783725e-01 -3.006829999999979464e+00
1.405089504000000000e+09 -7.745323223551281444e-01 -2.877290000000016335e+00
1.405090368000000000e+09 -7.742445679880347598e-01 -3.115909999999985303e+00
1.405091232000000000e+09 -7.739568136209413751e-01 -3.400699999999972079e+00
1.405174089599999905e+09 -7.463611698150316442e-01 -3.763689999999996871e+00
1.405175040000000000e+09 -7.460446400111777621e-01 -3.914539999999988140e+00
1.405175904000000000e+09 -7.457568856440275340e-01 -4.002900000000011005e+00
1.405176854399999857e+09 -7.454403558402873387e-01 -3.845820000000003347e+00
1.405259452799999952e+09 -7.179310383444317267e-01 -3.741939999999999600e+00
1.405260316799999952e+09 -7.176432839773383421e-01 -3.814039999999977226e+00
1.405261267200000048e+09 -7.173267541734844599e-01 -3.862079999999991742e+00
1.405262217600000143e+09 -7.170102243696305777e-01 -3.892269999999996344e+00
1.405349136000000000e+09 -6.880621350383080426e-01 -3.775390000000015789e+00
1.405350000000000000e+09 -6.877743806712146579e-01 -3.470280000000002474e+00
1.405350950400000095e+09 -6.874578508673607757e-01 -3.223509999999976117e+00
1.405351814400000095e+09 -6.871700965002105477e-01 -2.633179999999981646e+00
1.405431648000000000e+09 -6.605815929792129282e-01 -2.158079999999984011e+00
1.405432598400000095e+09 -6.602650631753590460e-01 -1.878460000000018226e+00
1.405433548799999952e+09 -6.599485333715620072e-01 -1.587069999999982883e+00
1.405434412799999952e+09 -6.596607790044686226e-01 -1.738740000000007058e+00
1.405603238400000095e+09 -6.034335756709197085e-01 -1.564279999999996562e+00
1.405603929600000143e+09 -6.032033721772336321e-01 -1.500270000000000437e+00
1.405604620799999952e+09 -6.029731686836043991e-01 -1.241229999999973188e+00
1.405605312000000000e+09 -6.027429651899183227e-01 -1.136820000000000164e+00
1.405693526400000095e+09 -5.733632443078136021e-01 -1.039930000000026666e+00
1.405694390400000095e+09 -5.730754899407202174e-01 -1.083640000000002601e+00
1.405695254399999857e+09 -5.727877355736836762e-01 -1.196700000000021191e+00
1.405774569600000143e+09 -5.463718846727942946e-01 -1.166339999999991051e+00
1.405775347200000048e+09 -5.461129057424614075e-01 -1.316250000000025011e+00
1.405776211200000048e+09 -5.458251513753111794e-01 -1.360770000000002256e+00
1.405777075200000048e+09 -5.455373970082177948e-01 -9.950880000000097425e-01
1.405865635200000048e+09 -5.160425743793553011e-01 -7.749509999999872889e-01
1.405866499199999809e+09 -5.157548200123187598e-01 -3.354039999999827160e-01
1.405867449599999905e+09 -5.154382902084648777e-01 -2.383849999999938518e-01
1.405868313599999905e+09 -5.151505358413714930e-01 -7.909250000000156433e-02
1.406292278400000095e+09 -3.739494678999335520e-01 -1.316199999999980719e-01
1.406294265599999905e+09 -3.732876328556358203e-01 5.901919999985238974e-03
1.406297376000000000e+09 -3.722517171340200548e-01 4.596210000000269247e-01
1.406302473599999905e+09 -3.705539663681065576e-01 6.003699999999980719e-01
1.406377468799999952e+09 -3.455768873028546295e-01 9.279480000000148721e-01
1.406380060799999952e+09 -3.447136242015176322e-01 1.215449999999975716e+00
1.406384899199999809e+09 -3.431021997457150974e-01 1.362689999999986412e+00
1.406386540799999952e+09 -3.425554664481751388e-01 1.342089999999984684e+00
1.406464819200000048e+09 -3.164849207879001369e-01 1.448779999999999291e+00
1.406466460799999952e+09 -3.159381874904170218e-01 1.733990000000005693e+00
1.406469571200000048e+09 -3.149022717688012563e-01 1.835359999999980118e+00
1.406471904000000000e+09 -3.188138392390555964e-01 2.018190000000004147e+00
1.406550268799999952e+09 -1.049174969135719948e+00 2.295209999999997308e+00
1.406553465599999905e+09 -1.070502031162675394e+00 2.200359999999989213e+00
1.406558304000000000e+09 -1.101384603128224171e+00 2.472930000000019390e+00
1.406562019200000048e+09 -1.123946242773058657e+00 2.642479999999977736e+00
1.406642803200000048e+09 -1.357809823138097727e+00 2.600050000000010186e+00
1.406647641599999905e+09 -1.356160456250961488e+00 2.768239999999991596e+00
1.406811196799999952e+09 -4.745205916576651362e-01 2.915160000000014406e+00
1.406814825599999905e+09 -4.429789508174053481e-01 2.991730000000018208e+00
1.406821564799999952e+09 -3.839190942670711593e-01 3.036069999999995161e+00
1.406822774400000095e+09 -3.732614487805676617e-01 3.096999999999979991e+00
1.406898201599999905e+09 2.853082269440960772e-01 2.931759999999997035e+00
1.406904508799999952e+09 3.362910411431130342e-01 2.784409999999979846e+00
1.406906323200000048e+09 3.507408686423332256e-01 2.746059999999999945e+00
1.406910038400000095e+09 3.800080141149919655e-01 2.475990000000024338e+00
1.406983392000000000e+09 8.376858200791730269e-01 2.538490000000024338e+00
1.406987539200000048e+09 8.550344338618174334e-01 2.513190000000008695e+00
1.406989353599999905e+09 8.622884330695796962e-01 2.368409999999983029e+00
1.406994192000000000e+09 8.806156820645014704e-01 2.614469999999982974e+00
1.407069360000000000e+09 9.567474735819700982e-01 2.676620000000013988e+00
1.407072211200000048e+09 9.514228448287553874e-01 2.280370000000004893e+00
1.407079814400000095e+09 9.341888781146963083e-01 1.969890000000020791e+00
1.407328300800000191e+09 -2.890320629717280099e-02 2.125260000000025684e+00
1.407331670399999857e+09 -2.778096426550291653e-02 2.242000000000018645e+00
1.407338755200000048e+09 -2.542137845517800088e-02 2.217589999999972861e+00
1.407414700800000191e+09 -1.277695860721905774e-04 2.311939999999992779e+00
1.407419884799999952e+09 1.598756616544960707e-03 1.965649999999982356e+00
1.407421785599999905e+09 2.231816224139038241e-03 1.881399999999985084e+00
1.407423081600000143e+09 2.663447774921223754e-03 1.702609999999992851e+00
1.407500841599999905e+09 2.856134081480377063e-02 1.223959999999976844e+00
1.407504384000000000e+09 2.974113371999465016e-02 9.925939999999968677e-01
1.407506284799999952e+09 3.037419332764557112e-02 6.880540000000223699e-01
1.407511468799999952e+09 3.210071953031956582e-02 5.044899999999756801e-01
1.407587241599999905e+09 5.733677752590438104e-02 1.455649999999764077e-01
1.407590524799999952e+09 5.843024412092745479e-02 -3.106319999999982429e-01
1.407597868799999952e+09 6.087615624142017623e-02 -8.059470000000032996e-01
1.407938889599999905e+09 1.744528049400742020e-01 -1.454130000000020573e+00
1.407940963200000048e+09 1.751434154211892746e-01 -1.777219999999999800e+00
1.407942950400000095e+09 1.758052504655438497e-01 -1.951030000000002929e+00
1.408020451200000048e+09 2.016168171954291211e-01 -2.115149999999971442e+00
1.408021488000000000e+09 2.019621224359298139e-01 -2.251100000000008095e+00
1.408023993600000143e+09 2.027966101005631572e-01 -2.629309999999975389e+00
1.408025289599999905e+09 2.032282416511748124e-01 -2.381329999999991287e+00
1.408106246400000095e+09 2.301908258495473092e-01 -2.387350000000026284e+00
1.408109529600000143e+09 2.312842924445703829e-01 -2.463250000000016371e+00
1.408192732799999952e+09 2.589950379972947303e-01 -2.462190000000020973e+00
1.408197916799999952e+09 2.607215641999687250e-01 -2.341079999999976735e+00
1.408199731200000048e+09 2.613258483709159918e-01 -2.172500000000013642e+00
1.408200940799999952e+09 2.617287044848239930e-01 -1.861809999999991305e+00
1.408279478400000095e+09 2.878855764552668006e-01 -1.813870000000008531e+00
1.408282243200000048e+09 2.888063904300111062e-01 -1.771430000000009386e+00
1.408284662400000095e+09 2.896121026579407953e-01 -1.791859999999985575e+00
1.408286995200000048e+09 2.903890394491099869e-01 -2.047230000000013206e+00
1.408711305600000143e+09 4.317052091373625444e-01 -2.309640000000001692e+00
1.408713638400000095e+09 4.324821459285317360e-01 -2.092910000000017590e+00
1.408716748799999952e+09 4.335180616500906581e-01 -2.004779999999982465e+00
1.408717872000000000e+09 4.338921423273518485e-01 -1.968680000000006203e+00
1.408797792000000000e+09 4.605094212851099655e-01 -1.956900000000018736e+00
1.408799692799999952e+09 4.611424808927608865e-01 -1.681230000000027758e+00
1.408801593600000143e+09 4.617755405004686509e-01 -1.640350000000012187e+00
1.408970678400000095e+09 5.180890701440716839e-01 -1.733709999999973661e+00
1.408972752000000000e+09 5.187796806250730697e-01 -1.555819999999982883e+00
1.408974825599999905e+09 5.194702911061312989e-01 -1.316919999999981883e+00
1.409056300800000191e+09 5.466055279247825638e-01 -6.386660000000006221e-01
1.409058115200000048e+09 5.472098120956729872e-01 -4.016480000000228756e-01
1.409143219200000048e+09 5.755536172561050989e-01 -2.958669999999870015e-01
1.409145120000000000e+09 5.761866768637560199e-01 -1.386500000000978616e-02
1.409230656000000000e+09 6.046743592077064022e-01 2.902260000000183027e-01
1.409232470399999857e+09 6.052786433785968256e-01 4.823559999999815773e-01
1.409316019200000048e+09 6.331044906783063198e-01 3.670930000000112159e-01
1.409318179200000048e+09 6.338238765960682031e-01 2.894660000000044420e-01
1.409320166399999857e+09 6.344857116403659347e-01 4.234480000000075961e-01
1.409403024000000000e+09 6.620813554463325090e-01 3.032580000000280052e-01
1.409406048000000000e+09 6.630884957312446204e-01 1.660180000000082146e-01
1.409576515200000048e+09 -3.795123256749093343e-01 -4.110630000002402085e-02
1.409577465599999905e+09 -3.795998196264918079e-01 3.563879999999812753e-01
1.409579193600000143e+09 -3.795864557978916309e-01 6.985629999999787287e-01
1.409748710400000095e+09 5.030957593849620935e-01 7.510330000000067230e-01
1.409749660799999952e+09 5.113357959066320291e-01 9.132960000000025502e-01
1.409751820799999952e+09 5.301152149112340339e-01 1.118069999999988795e+00
1.409752771200000048e+09 5.384000760298022215e-01 1.390829999999994016e+00
1.409834419200000048e+09 1.252350500502700470e+00 1.641840000000001965e+00
1.409835283200000048e+09 1.259433116363197769e+00 2.159460000000024138e+00
1.409837788799999952e+09 1.279858154029852813e+00 2.374709999999993215e+00
1.409838652799999952e+09 1.286860801905731932e+00 2.801850000000001728e+00
1.409920128000000000e+09 1.812303341165033999e+00 2.626030000000014297e+00
1.409921078400000095e+09 1.816422894717845793e+00 2.437650000000019190e+00
1.409923411200000048e+09 1.826299825412036171e+00 2.148930000000007112e+00
1.409924361599999905e+09 1.830227478832512134e+00 2.221150000000022828e+00
1.410006873599999905e+09 1.935263994925946918e+00 2.217440000000010514e+00
1.410007737599999905e+09 1.933721649768756379e+00 2.383199999999987995e+00
1.410009292799999952e+09 1.930801942064135801e+00 2.404969999999991614e+00
1.410010156799999952e+09 1.929100130861399975e+00 2.250519999999994525e+00
1.410180969600000143e+09 9.211753875931094626e-01 1.842679999999973006e+00
1.410181833600000143e+09 9.214631419602028473e-01 1.402030000000024756e+00
1.410183648000000000e+09 9.220674261310932707e-01 1.021790000000009968e+00
1.410266505600000143e+09 9.496630699371166884e-01 1.262229999999988195e+00
1.410267456000000000e+09 9.499795997408568837e-01 1.219859999999982847e+00
1.410269616000000000e+09 9.506989856586756105e-01 9.982180000000084874e-01
1.410353078400000095e+09 9.784960575216246070e-01 9.154790000000048167e-01
1.410354028799999952e+09 9.788125873253648024e-01 1.185479999999984102e+00
1.410356534400000095e+09 9.796470749900549890e-01 1.293209999999987758e+00
1.410783955200000048e+09 1.121999160399809625e+00 1.084549999999978809e+00
1.410784560000000000e+09 1.122200588456792048e+00 8.868939999999838619e-01
1.410785164799999952e+09 1.122402016513774470e+00 1.113479999999981374e+00
1.410785769600000143e+09 1.122603444570813735e+00 1.507409999999993033e+00
1.410786374400000095e+09 1.122804872627739314e+00 1.760890000000017608e+00
1.410870355200000048e+09 1.150774597110910236e+00 2.007889999999974862e+00
1.410871046400000095e+09 1.151004800604653155e+00 2.466020000000014534e+00
1.410871651200000048e+09 1.151206228661578734e+00 2.575069999999982429e+00
1.410872256000000000e+09 1.151407656718561157e+00 2.129470000000026175e+00
1.410872860799999952e+09 1.151609084775486735e+00 1.772460000000023683e+00
1.410956928000000000e+09 1.179607584695418154e+00 1.376989999999977954e+00
1.410957619200000048e+09 1.179837788189104231e+00 1.485830000000021300e+00
1.410958224000000000e+09 1.180039216246086653e+00 1.362149999999985539e+00
1.410958828799999952e+09 1.180240644303069075e+00 1.112259999999992033e+00
1.411043932799999952e+09 1.208584449463501187e+00 9.851729999999747633e-01
1.411044624000000000e+09 1.208814652957187263e+00 7.842319999999745050e-01
1.411045142399999857e+09 1.208987305577409188e+00 9.437169999999923675e-01
1.411045833600000143e+09 1.209217509071208951e+00 5.772460000000023683e-01
1.411129814400000095e+09 1.237187233554379873e+00 4.416860000000042419e-01
1.411130419200000048e+09 1.237388661611305452e+00 8.990489999999908832e-01
1.411131024000000000e+09 1.237590089668287874e+00 6.335389999999847532e-01
1.411131628799999952e+09 1.237791517725270296e+00 5.490399999999908687e-01
1.411132233600000143e+09 1.237992945782309562e+00 3.018149999999764077e-01
1.411475155200000048e+09 1.352202654088614509e+00 4.176719999999818356e-01
1.411475760000000000e+09 1.352404082145540087e+00 2.305989999999837892e-01
1.411476364799999952e+09 1.352605510202522510e+00 2.878769999999803986e-01
1.411476969600000143e+09 1.352806938259561775e+00 1.298279999997475898e-02
