     JD - 2.44e6,     RV [m/s], RV ERR [m/s], SMOOTH RV [m/s]
       16241.718,     -4.70108,     0.976484,     -3.86221
       16241.729,     -5.73260,     0.964819,     -3.76066
       16241.739,     -5.05161,     0.924722,     -3.84671
       16241.750,     -1.20859,     0.984170,     -3.68407
       16242.716,     -1.11321,     0.925615,     -3.21545
       16242.726,     -3.09595,     0.983685,     -3.11508
       16242.737,     -3.52387,      1.02809,     -2.93885
       16242.748,     -5.44090,      1.00868,     -2.70751
       16243.663,     -3.39548,     0.998892,     -2.39591
       16243.673,      1.26764,     0.998500,     -2.40481
       16243.684,     -2.27026,     0.978303,     -2.57893
       16243.694,     -2.76253,     0.927576,     -2.67160
       16244.630,     -3.18788,     0.986943,     -2.57910
       16244.641,     -1.62399,     0.969470,     -2.11247
       16244.651,     -1.30649,     0.986118,     -1.85195
       16244.662,     -3.02857,     0.963188,     -1.54557
       16245.665,     -4.11525,     0.974817,     -1.31575
       16245.675,     -2.50642,      1.03019,    -0.932176
       16245.685,    -0.307931,      1.01876,    -0.490192
       16245.695,    -0.529743,      1.03071,    -0.333423
       16248.621,      4.63778,     0.975112,   -0.0449797
       16248.632,     0.257786,     0.938040,     0.180997
       16248.643,      1.45679,     0.974574,     0.564517
       16248.653,      1.67394,     0.946789,     0.841486
       16249.664,     0.100463,      1.03342,      1.14794
       16250.712,      1.86639,     0.909912,      1.17375
       16250.723,    -0.542826,     0.941895,     0.868897
       16250.734,     0.103470,     0.975533,      1.06506
       16250.744,     0.540226,     0.892414,      1.16026
       16251.604,      3.06304,     0.928829,      1.29885
       16251.615,    -0.245798,     0.915605,      1.52982
       16251.625,      1.28439,     0.987618,      1.48492
       16251.636,      2.41561,     0.929312,      1.44203
       16253.649,      2.50391,     0.870688,      1.47903
       16253.658,      3.19843,     0.958511,      1.66033
       16253.668,      2.64119,     0.908353,      1.60894
       16253.678,      1.37243,     0.930579,      1.64309
       16254.666,     -1.01452,      1.00340,      1.38401
       16254.676,     0.510465,      1.06036,      1.05625
       16254.686,      2.53453,     0.984779,     0.967863
       16254.696,      2.49766,     0.998622,     0.399086
       16256.704,     0.129911,     0.966278,   -0.0513399
       16256.715,     -1.56550,     0.980326,    -0.424572
       16256.725,     -1.18977,     0.976192,    -0.745435
       16256.736,      1.53166,     0.995978,    -0.871255
       16257.666,     -3.05811,     0.927906,     -1.19227
       16257.677,     -2.31349,      1.06025,     -1.68939
       16257.687,     -2.73313,     0.971589,     -2.04233
       16257.698,     -4.54400,     0.984035,     -2.10211
       16259.595,    -0.873552,      1.00756,     -2.44810
       16259.605,    -0.996631,     0.968991,     -2.86934
       16259.614,     -2.97069,     0.989749,     -2.84300
       16259.623,     -3.75239,      1.04781,     -2.95650
       16262.600,     -2.22305,     0.995467,     -3.00683
       16262.610,     -4.99566,      1.10236,     -2.87729
       16262.620,     -3.10202,      1.08556,     -3.11591
       16262.630,     -2.76842,      1.10115,     -3.40070
       16263.589,     -3.56193,      1.12716,     -3.76369
       16263.600,     -3.28675,      1.10513,     -3.91454
       16263.610,     -3.11909,      1.08642,     -4.00290
       16263.621,     -3.49840,      1.00918,     -3.84582
       16264.577,     -4.12929,      1.12120,     -3.74194
       16264.587,     -6.96359,      1.21898,     -3.81404
       16264.598,     -5.41168,      1.16121,     -3.86208
       16264.609,     -3.19506,      1.29047,     -3.89227
       16265.615,     -3.26784,      1.01401,     -3.77539
       16265.625,     -1.95931,      1.00439,     -3.47028
       16265.636,     -3.56152,      1.03910,     -3.22351
       16265.646,     -4.09035,      1.09609,     -2.63318
       16266.570,     -3.61884,     0.965246,     -2.15808
       16266.581,     -1.83346,      1.07383,     -1.87846
       16266.592,    -0.142176,      1.00878,     -1.58707
       16266.602,     -1.41475,      1.09888,     -1.73874
       16268.556,    -0.470019,     0.966427,     -1.56428
       16268.564,    -0.185528,     0.963589,     -1.50027
       16268.572,    -0.119261,      1.00644,     -1.24123
       16268.580,   -0.0625863,     0.985202,     -1.13682
       16269.601,     -3.62765,     0.946818,     -1.03993
       16269.611,     -1.64247,     0.976497,     -1.08364
       16269.621,     -3.38624,     0.927828,     -1.19670
       16270.539,    -0.769359,     0.999748,     -1.16634
       16270.548,    -0.684963,      1.02270,     -1.31625
       16270.558,     0.923563,      1.04175,     -1.36077
       16270.568,     -1.89557,      1.02254,    -0.995088
       16271.593,     -1.71360,     0.961356,    -0.774951
       16271.603,     0.148424,     0.913737,    -0.335404
       16271.614,     -1.76834,     0.950863,    -0.238385
       16271.624,    -0.552291,      1.01813,   -0.0790925
       16276.531,     0.394859,     0.909888,    -0.131620
       16276.554,     0.779040,     0.858949,   0.00590192
       16276.590,      1.44878,     0.880351,     0.459621
       16276.649,     0.297845,     0.906576,     0.600370
       16277.517,      1.06726,     0.950812,     0.927948
       16277.547,     0.345763,     0.913018,      1.21545
       16277.603,    -0.382826,     0.984658,      1.36269
       16277.622,      3.27732,      1.00318,      1.34209
       16278.528,      1.69666,     0.977768,      1.44878
       16278.547,      1.83502,     0.938076,      1.73399
       16278.583,      2.61023,      1.03563,      1.83536
       16278.610,      2.01444,      1.02563,      2.01819
       16279.517,     0.552521,      1.02598,      2.29521
       16279.554,      2.62237,      1.10522,      2.20036
       16279.610,      3.43511,      1.01008,      2.47293
       16279.653,      2.18235,      1.09269,      2.64248
       16280.588,      2.35685,      1.08450,      2.60005
       16280.644,      2.66441,      1.10083,      2.76824
       16282.537,      2.23405,     0.962891,      2.91516
       16282.579,      4.69489,     0.912675,      2.99173
       16282.657,      3.70007,     0.928043,      3.03607
       16282.671,      2.14346,     0.895015,      3.09700
       16283.544,      3.86453,     0.949040,      2.93176
       16283.617,      2.16872,     0.967301,      2.78441
       16283.638,      3.46463,     0.958814,      2.74606
       16283.681,      3.92285,     0.957116,      2.47599
       16284.530,      2.85262,      1.13582,      2.53849
       16284.578,     0.539208,     0.981830,      2.51319
       16284.599,      1.04351,     0.931510,      2.36841
       16284.655,      1.81223,     0.985458,      2.61447
       16285.525,      1.72409,     0.979388,      2.67662
       16285.558,      4.38756,     0.918106,      2.28037
       16285.646,      1.86514,     0.982045,      1.96989
       16288.522,      2.27197,     0.923655,      2.12526
       16288.561,      4.87538,     0.917138,      2.24200
       16288.643,      4.14822,     0.872174,      2.21759
       16289.522,    -0.435843,      1.01641,      2.31194
       16289.582,    -0.562737,     0.991396,      1.96565
       16289.604,      2.24834,     0.937565,      1.88140
       16289.619,      2.32767,      1.03774,      1.70261
       16290.519,      1.54370,     0.974317,      1.22396
       16290.560,      2.76193,     0.925485,     0.992594
       16290.582,     0.578341,     0.929738,     0.688054
       16290.642,     0.938429,     0.904188,     0.504490
       16291.519,     0.305303,     0.909326,     0.145565
       16291.557,    -0.389789,     0.945710,    -0.310632
       16291.642,      1.60320,      1.03071,    -0.805947
       16295.589,     -3.78579,      1.10491,     -1.45413
       16295.613,     -2.58193,      1.17960,     -1.77722
       16295.636,     -1.69984,      1.15333,     -1.95103
       16296.533,     -2.69050,     0.925522,     -2.11515
       16296.545,     -3.90476,      1.00768,     -2.25110
       16296.574,     -4.36808,      1.05541,     -2.62931
       16296.589,     -2.97565,      1.05068,     -2.38133
       16297.526,    -0.973464,      1.05505,     -2.38735
       16297.564,     -1.50006,     0.939892,     -2.46325
       16298.527,     -1.88519,      1.04345,     -2.46219
       16298.587,     -2.55710,     0.906520,     -2.34108
       16298.608,     -1.05799,     0.995721,     -2.17250
       16298.622,     -2.64820,     0.899259,     -1.86181
       16299.531,     -2.53476,      1.00572,     -1.81387
       16299.563,     -2.67884,     0.980566,     -1.77143
       16299.591,     -2.57258,     0.956745,     -1.79186
       16299.618,     -2.51363,      1.04489,     -2.04723
       16304.529,     0.441877,      1.06615,     -2.30964
       16304.556,    -0.446044,      1.12188,     -2.09291
       16304.592,     -1.03322,      1.09330,     -2.00478
       16304.605,     -2.10999,      1.14998,     -1.96868
       16305.530,     -5.36614,      1.15060,     -1.95690
       16305.552,     -3.94454,      1.17947,     -1.68123
       16305.574,    -0.264144,      1.19540,     -1.64035
       16307.531,     -1.56533,      1.12426,     -1.73371
       16307.555,     -2.28173,      1.12149,     -1.55582
       16307.579,     -2.44298,      1.15668,     -1.31692
       16308.522,     0.518711,      1.12709,    -0.638666
       16308.543,     0.891558,      1.15997,    -0.401648
       16309.528,     -1.47303,      1.02005,    -0.295867
       16309.550,     0.923616,      1.04395,   -0.0138650
       16310.540,     0.517946,      1.10698,     0.290226
       16310.561,      2.09460,      1.11189,     0.482356
       16311.528,     -1.33734,      1.48506,     0.367093
       16311.553,     0.899438,      1.16883,     0.289466
       16311.576,      1.53670,      1.22344,     0.423448
       16312.535,      1.06327,      1.10667,     0.303258
       16312.570,    -0.329558,      1.22685,     0.166018
       16314.543,    -0.749178,      1.11575,   -0.0411063
       16314.554,    0.0376620,      1.14959,     0.356388
       16314.574,  0.000765800,      1.11766,     0.698563
       16316.536,    -0.398466,      1.09462,     0.751033
       16316.547,    -0.991698,      1.01053,     0.913296
       16316.572,    -0.183764,      1.02876,      1.11807
       16316.583,      3.03510,     0.979652,      1.39083
       16317.528,      4.66336,      1.08877,      1.64184
       16317.538,      2.11387,      1.09819,      2.15946
       16317.567,      2.84817,      1.15836,      2.37471
       16317.577,      1.92296,      1.08602,      2.80185
       16318.520,      2.25121,      1.09685,      2.62603
       16318.531,      2.79878,      1.06396,      2.43765
       16318.558,      5.69452,      1.05674,      2.14893
       16318.569,      1.96935,      1.12810,      2.22115
       16319.524,      3.70686,      1.09178,      2.21744
       16319.534,     -2.11786,      1.17505,      2.38320
       16319.552,     0.962989,      1.26120,      2.40497
       16319.562,      1.48741,      1.16826,      2.25052
       16321.539,      2.90832,      1.02715,      1.84268
       16321.549,      2.80735,      1.09211,      1.40203
       16321.570,      3.74628,      1.04131,      1.02179
       16322.529,      2.49071,      1.13683,      1.26223
       16322.540,      1.09976,      1.00291,      1.21986
       16322.565,      1.20829,      1.06280,     0.998218
       16323.531,     -2.87772,      1.16052,     0.915479
       16323.542,    -0.475886,      1.16908,      1.18548
       16323.571,     0.526984,      1.09378,      1.29321
       16328.518,     0.496926,      1.01704,      1.08455
       16328.525,    -0.950618,      1.03005,     0.886894
       16328.532,      1.99820,      1.09898,      1.11348
       16328.539,      5.77737,      1.06082,      1.50741
       16328.546,      4.93131,      1.12121,      1.76089
       16329.518,     0.195432,      1.11757,      2.00789
       16329.526,     -1.07447,      1.15889,      2.46602
       16329.533,      3.70079,      1.19651,      2.57507
       16329.540,      1.45541,      1.32595,      2.12947
       16329.547,      2.31248,      1.15123,      1.77246
       16330.520,      3.24393,      1.50644,      1.37699
       16330.528,      5.53635,      1.44089,      1.48583
       16330.535,     0.248919,      1.46960,      1.36215
       16330.542,     -2.90332,      1.64247,      1.11226
       16331.527,      1.85024,      1.51011,     0.985173
       16331.535,     0.581073,      1.60179,     0.784232
       16331.541,      1.39272,      1.60090,     0.943717
       16331.549,     -2.43493,      1.78382,     0.577246
       16332.521,     0.951956,      1.53357,     0.441686
       16332.528,    0.0574756,      1.43214,     0.899049
       16332.535,     0.102123,      1.35203,     0.633539
       16332.542,      4.99827,      1.40761,     0.549040
       16332.549,      1.50517,      1.51800,     0.301815
       16336.518,     -1.24224,      1.31375,     0.417672
       16336.525,      2.12767,      1.25155,     0.230599
       16336.532,     -1.07036,      1.38010,     0.287877
       16336.539,    -0.348416,      1.36174,    0.0129828