1.624171800000000076e+04 -2.280286926388568336e-01 -4.701080000000000148e+00
1.624172899999999936e+04 -3.532130500520394012e-01 -5.732599999999999696e+00
1.624173899999999958e+04 -5.030109074652220347e-01 -5.051610000000000156e+00
1.624175000000000000e+04 -6.740762648784046629e-01 -1.208590000000000053e+00
1.624271600000000035e+04 -7.669471222915871245e-01 -1.113210000000000033e+00
1.624272600000000057e+04 -8.439429797047699466e-01 -3.095950000000000202e+00
1.624273699999999917e+04 -1.007042837117952727e+00 -3.523870000000000058e+00
1.624274799999999959e+04 -1.224476694531134946e+00 -5.440900000000000070e+00
1.624366300000000047e+04 -1.361469051944317776e+00 -3.395480000000000054e+00
1.624367300000000068e+04 -1.388536959357500544e+00 1.267640000000000100e+00
1.624368399999999929e+04 -1.426695466770683041e+00 -2.270259999999999945e+00
1.624369399999999951e+04 -9.714238241838661914e-01 -2.762529999999999930e+00
1.624462999999999920e+04 -6.835758815970485180e-01 -3.187879999999999825e+00
1.624464099999999962e+04 -3.698272390102310681e-01 -1.623990000000000045e+00
1.624465099999999984e+04 -2.373720964234136144e-01 -1.306489999999999929e+00
1.624466200000000026e+04 -1.883598038365965621e-01 -3.028570000000000206e+00
1.624566500000000087e+04 4.808583875022076626e-02 -4.115249999999999631e+00
1.624567499999999927e+04 1.854666813370382528e-01 -2.506419999999999870e+00
1.624568499999999949e+04 4.510138239238554725e-01 -3.079310000000000103e-01
1.624569499999999971e+04 6.361277665106729318e-01 -5.297429999999999639e-01
1.624862099999999919e+04 7.142264090974903556e-01 4.637780000000000236e+00
1.624863199999999961e+04 8.037781516843077734e-01 2.577860000000000151e-01
1.624864300000000003e+04 9.944527942711249846e-01 1.456790000000000029e+00
1.624865300000000025e+04 1.262955936857942385e+00 1.673939999999999984e+00
1.624966400000000067e+04 1.457679579444759899e+00 1.004629999999999967e-01
1.625071199999999953e+04 1.671254222031576919e+00 1.866389999999999993e+00
1.625072299999999996e+04 1.943070864618394289e+00 -5.428260000000000307e-01
1.625073400000000038e+04 2.205783507205211880e+00 1.034700000000000064e-01
1.625074400000000060e+04 2.268707149792029032e+00 5.402259999999999840e-01
1.625160399999999936e+04 2.297955592378846390e+00 3.063039999999999985e+00
1.625161499999999978e+04 2.439497884965663665e+00 -2.457979999999999887e-01
1.625162500000000000e+04 2.320820527552481138e+00 1.284389999999999921e+00
1.625163600000000042e+04 2.302755420139298348e+00 2.415610000000000035e+00
1.625364899999999943e+04 2.139969562726115715e+00 2.503909999999999858e+00
1.625365799999999945e+04 1.985112705312932935e+00 3.198430000000000106e+00
1.625366799999999967e+04 2.045001197899750434e+00 2.641189999999999927e+00
1.625367799999999988e+04 1.787104840486567703e+00 1.372430000000000039e+00
1.625466599999999926e+04 1.686900283073385243e+00 -1.014520000000000088e+00
1.625467599999999948e+04 1.533398925660202305e+00 5.104649999999999466e-01
1.625468599999999969e+04 1.267516268247019795e+00 2.534530000000000172e+00
1.625469599999999991e+04 1.059015310833837153e+00 2.497660000000000213e+00
1.625670399999999972e+04 1.009802303420654468e+00 1.299109999999999987e-01
1.625671500000000015e+04 7.853769460074717657e-01 -1.565499999999999892e+00
1.625672500000000036e+04 4.653055885942891656e-01 -1.189769999999999994e+00
1.625673600000000079e+04 2.172862311811064595e-01 1.531660000000000021e+00
1.625766599999999926e+04 -2.040896262320760490e-01 -3.058110000000000106e+00
1.625767699999999968e+04 -5.029214836452589044e-01 -2.313489999999999824e+00
1.625768699999999990e+04 -7.216353410584415151e-01 -2.733130000000000059e+00
1.625769800000000032e+04 -8.606771984716240498e-01 -4.543999999999999595e+00
1.625959499999999935e+04 -1.062209305884806776e+00 -8.735519999999999952e-01
1.625960499999999956e+04 -1.356561663297989107e+00 -9.966310000000000446e-01
1.625961399999999958e+04 -1.668036020711172185e+00 -2.970689999999999831e+00
1.625962299999999959e+04 -1.892667428124354734e+00 -3.752390000000000114e+00
1.626260000000000036e+04 -2.174243285537537318e+00 -2.223050000000000193e+00
1.626261000000000058e+04 -2.397010142950720013e+00 -4.995659999999999989e+00
1.626262000000000080e+04 -2.645017500363902929e+00 -3.102020000000000000e+00
1.626262999999999920e+04 -2.667175357777085587e+00 -2.768419999999999881e+00
1.626358899999999994e+04 -2.661137715190268427e+00 -3.561929999999999819e+00
1.626360000000000036e+04 -2.714228572603451184e+00 -3.286750000000000060e+00
1.626361000000000058e+04 -2.703217430016633394e+00 -3.119089999999999918e+00
1.626362099999999919e+04 -2.852153187429816050e+00 -3.498400000000000176e+00
1.626457699999999932e+04 -2.905665994842999034e+00 -4.129290000000000127e+00
1.626458699999999953e+04 -2.775911652256181750e+00 -6.963589999999999947e+00
1.626459799999999996e+04 -2.670701009669364190e+00 -5.411679999999999602e+00
1.626460900000000038e+04 -2.594720817082546649e+00 -3.195059999999999789e+00
1.626561499999999978e+04 -2.365885574495729671e+00 -3.267840000000000078e+00
1.626562500000000000e+04 -2.228418981908912411e+00 -1.959310000000000107e+00
1.626563600000000042e+04 -2.104798654322094453e+00 -3.561519999999999797e+00
1.626564600000000064e+04 -2.119756011735277390e+00 -4.090349999999999930e+00
1.626656999999999971e+04 -2.049213369148460195e+00 -3.618840000000000057e+00
1.626658100000000013e+04 -2.074242226561642699e+00 -1.833460000000000090e+00
1.626659200000000055e+04 -1.949461533974825578e+00 -1.421759999999999968e-01
1.626660200000000077e+04 -1.788916541388007708e+00 -1.414749999999999952e+00
1.626855600000000049e+04 -1.406230248801190630e+00 -4.700190000000000201e-01
1.626856400000000031e+04 -1.242096106214373386e+00 -1.855279999999999985e-01
1.626857200000000012e+04 -1.179694463627555923e+00 -1.192610000000000059e-01
1.626857999999999993e+04 -1.020552621040738739e+00 -6.258629999999999749e-02
1.626960100000000057e+04 -1.022675478453921372e+00 -3.627650000000000041e+00
1.626961100000000079e+04 -8.838853858671040786e-01 -1.642470000000000097e+00
1.626962099999999919e+04 -6.712962932802865046e-01 -3.386239999999999917e+00
1.627053900000000067e+04 -4.630736506934692853e-01 -7.693590000000000151e-01
1.627054800000000068e+04 -3.106330081066520643e-01 -6.849629999999999885e-01
1.627055800000000090e+04 -3.003033155198346904e-01 9.235630000000000228e-01
1.627056799999999930e+04 -1.878741729330173360e-01 -1.895569999999999977e+00
1.627159300000000076e+04 -1.587564303462000170e-01 -1.713600000000000012e+00
1.627160299999999916e+04 -1.802926877593826749e-01 1.484240000000000004e-01
1.627161399999999958e+04 -2.213499517256523053e-02 -1.768340000000000023e+00
1.627162399999999980e+04 5.415596241425219004e-02 -5.522909999999999764e-01
1.627653100000000086e+04 3.156181050010695710e-01 3.948590000000000155e-01
1.627655400000000009e+04 5.165817475878867748e-01 7.790399999999999547e-01
1.627659000000000015e+04 7.749443901747041785e-01 1.448779999999999957e+00
1.627664899999999943e+04 8.293670327615215720e-01 2.978450000000000264e-01
1.627751699999999983e+04 9.830623253483388169e-01 1.067260000000000097e+00
1.627754700000000048e+04 1.096968317935156145e+00 3.457629999999999870e-01
1.627760299999999916e+04 1.289192960521973408e+00 -3.828259999999999996e-01
1.627762199999999939e+04 1.481044103108791088e+00 3.277320000000000011e+00
1.627852800000000025e+04 1.595172045695608443e+00 1.696660000000000057e+00
1.627854700000000048e+04 1.783620188282425856e+00 1.835020000000000095e+00
1.627858300000000054e+04 2.034307880869242968e+00 2.610230000000000050e+00
1.627861000000000058e+04 2.187897073456060326e+00 2.014440000000000008e+00
1.627951699999999983e+04 2.244446716042877377e+00 5.525210000000000399e-01
1.627955400000000009e+04 2.353562858629695054e+00 2.622370000000000090e+00
1.627961000000000058e+04 2.435435251216512498e+00 3.435109999999999886e+00
1.627965300000000025e+04 2.543632393803330061e+00 2.182350000000000012e+00
1.628058799999999974e+04 2.710815386390147186e+00 2.356850000000000112e+00
1.628064400000000023e+04 2.860916328976964351e+00 2.664410000000000167e+00
1.628253700000000026e+04 2.712339371563781576e+00 2.234049999999999869e+00
1.628257899999999972e+04 2.668010514150599199e+00 4.694890000000000008e+00
1.628265699999999924e+04 2.655199656737416092e+00 3.700070000000000192e+00
1.628267100000000028e+04 2.599221299324233847e+00 2.143460000000000143e+00
1.628354399999999987e+04 2.706205941911051127e+00 3.864529999999999799e+00
1.628361700000000019e+04 2.760165534497867945e+00 2.168719999999999981e+00
1.628363800000000083e+04 2.730974177084685373e+00 3.464630000000000098e+00
1.628368100000000049e+04 2.791316319671503177e+00 3.922849999999999948e+00
1.628453000000000065e+04 2.877938462258319952e+00 2.852619999999999933e+00
1.628457799999999952e+04 2.726632454845137943e+00 5.392080000000000206e-01
1.628459900000000016e+04 2.553603747431954840e+00 1.043509999999999938e+00
1.628465500000000065e+04 2.542646890018772421e+00 1.812230000000000008e+00
1.628552499999999964e+04 2.412614532605590334e+00 1.724089999999999900e+00
1.628555800000000090e+04 2.293124675192407480e+00 4.387559999999999683e+00
1.628564600000000064e+04 2.312376817779224325e+00 1.865140000000000020e+00
1.628852200000000084e+04 2.136396010366041764e+00 2.271970000000000045e+00
1.628856099999999969e+04 2.063210102952858893e+00 4.875379999999999825e+00
1.628864300000000003e+04 1.893572395539676378e+00 4.148220000000000240e+00
1.628952200000000084e+04 1.666269088126493658e+00 -4.358429999999999804e-01
1.628958200000000033e+04 1.592126730713311122e+00 -5.627370000000000427e-01
1.628960399999999936e+04 1.364205473300128757e+00 2.248339999999999783e+00
1.628961900000000060e+04 1.171262115886945843e+00 2.327669999999999906e+00
1.629051900000000023e+04 9.839872584737632266e-01 1.543700000000000072e+00
1.629055999999999949e+04 7.515864010605803891e-01 2.761929999999999996e+00
1.629058200000000033e+04 3.252990436473978120e-01 5.783409999999999940e-01
1.629064199999999983e+04 1.966686234214976015e-03 9.384289999999999576e-01
1.629151900000000023e+04 -2.720856711789675919e-01 3.053029999999999911e-01
1.629155700000000070e+04 -5.761992285921504475e-01 -3.897889999999999966e-01
1.629164199999999983e+04 -8.702845860053327609e-01 1.603199999999999958e+00
1.629558899999999994e+04 -9.544232934185153949e-01 -3.785789999999999988e+00
1.629561299999999937e+04 -1.065812800831698270e+00 -2.581929999999999836e+00
1.629563600000000042e+04 -1.242800658244880951e+00 -1.699840000000000018e+00
1.629653299999999945e+04 -1.503265515658063656e+00 -2.690500000000000114e+00
1.629654500000000007e+04 -1.718859873071246103e+00 -3.904760000000000009e+00
1.629657400000000052e+04 -2.002569730484428767e+00 -4.368079999999999963e+00
1.629658899999999994e+04 -2.171787137897611686e+00 -2.975649999999999906e+00
1.629752599999999984e+04 -2.356061445310793978e+00 -9.734639999999999960e-01
1.629756400000000031e+04 -2.360904102723976550e+00 -1.500059999999999949e+00
1.629852700000000004e+04 -2.375388210137159284e+00 -1.885189999999999921e+00
1.629858699999999953e+04 -2.518880567550342064e+00 -2.557100000000000151e+00
1.629860800000000017e+04 -2.446761924963524848e+00 -1.057989999999999986e+00
1.629862199999999939e+04 -2.597643782376707566e+00 -2.648200000000000109e+00
1.629953100000000086e+04 -2.721550139789890466e+00 -2.534759999999999902e+00
1.629956300000000010e+04 -2.611903697203072916e+00 -2.678840000000000110e+00
1.629959100000000035e+04 -2.506603554616255281e+00 -2.572579999999999867e+00
1.629961800000000039e+04 -2.413957412029438032e+00 -2.513630000000000031e+00
1.630452900000000045e+04 -2.398995269442620426e+00 4.418770000000000198e-01
1.630455600000000049e+04 -2.336057876855803350e+00 -4.460439999999999960e-01
1.630459200000000055e+04 -2.228148334268985842e+00 -1.033220000000000027e+00
1.630460499999999956e+04 -2.219211691682168919e+00 -2.109989999999999810e+00
1.630553000000000065e+04 -2.056847249095351327e+00 -5.366139999999999688e+00
1.630555199999999968e+04 -1.989721806508534252e+00 -3.944539999999999935e+00
1.630557400000000052e+04 -1.764253163921716716e+00 -2.641439999999999899e-01
1.630753100000000086e+04 -1.716053521334899301e+00 -1.565330000000000110e+00
1.630755500000000029e+04 -1.548810978748081935e+00 -2.281730000000000036e+00
1.630757899999999972e+04 -1.355018336161264658e+00 -2.442979999999999929e+00
1.630852200000000084e+04 -1.187844693574447552e+00 5.187110000000000332e-01
1.630854299999999967e+04 -1.238087800987629938e+00 8.915579999999999616e-01
1.630952800000000025e+04 -1.264915858400812887e+00 -1.473030000000000062e+00
1.630954999999999927e+04 -1.223043115813995385e+00 9.236159999999999926e-01
1.631054000000000087e+04 -1.129176683227177680e+00 5.179460000000000175e-01
1.631056099999999969e+04 -8.924643406403606205e-01 2.094599999999999795e+00
1.631152800000000025e+04 -7.564935980535432147e-01 -1.337339999999999973e+00
1.631155299999999988e+04 -7.641459554667260345e-01 8.994379999999999598e-01
1.631157599999999911e+04 -5.457958128799086372e-01 1.536699999999999955e+00
1.631253499999999985e+04 -2.102126702930913749e-01 1.063269999999999937e+00
1.631256999999999971e+04 5.958472293726257973e-03 -3.295580000000000176e-01
1.631454299999999967e+04 1.107600648805435739e-01 -7.491780000000000106e-01
1.631455400000000009e+04 1.506588074673607114e-01 3.766200000000000103e-02
1.631457400000000052e+04 3.251994500541782740e-01 7.657999999999999660e-04
1.631653600000000006e+04 4.072862926409954731e-01 -3.984659999999999869e-01
1.631654700000000048e+04 6.544436352278131253e-01 -9.916979999999999684e-01
1.631657200000000012e+04 6.365097778146302510e-01 -1.837640000000000107e-01
1.631658300000000054e+04 8.770484204014474816e-01 3.035099999999999909e+00
1.631752800000000025e+04 7.145121629882646985e-01 4.663359999999999950e+00
1.631753800000000047e+04 6.741552555750822684e-01 2.113869999999999916e+00
1.631756699999999910e+04 6.836908981618994297e-01 2.848170000000000091e+00
1.631757699999999932e+04 8.339134407487174272e-01 1.922960000000000003e+00
1.631852000000000044e+04 1.000068483335534442e+00 2.251209999999999933e+00
1.631853100000000086e+04 1.173828025922351470e+00 2.798779999999999824e+00
1.631855800000000090e+04 1.286653878509169235e+00 5.694519999999999804e+00
1.631856899999999951e+04 1.349893821095986102e+00 1.969349999999999934e+00
1.631952399999999943e+04 1.448221863682803701e+00 3.706859999999999822e+00
1.631953399999999965e+04 1.301852706269620352e+00 -2.117859999999999854e+00
1.631955199999999968e+04 1.114632048856438296e+00 9.629889999999999839e-01
1.631956199999999990e+04 8.961418914432561778e-01 1.487409999999999899e+00
1.632153900000000067e+04 8.036233340300733552e-01 2.908319999999999794e+00
1.632154900000000089e+04 6.020125766168902270e-01 2.807350000000000012e+00
1.632156999999999971e+04 5.941032192037072335e-01 3.746280000000000054e+00
1.632252900000000045e+04 7.587398617905252163e-01 2.490709999999999980e+00
1.632254000000000087e+04 8.536950043773423591e-01 1.099760000000000071e+00
1.632256500000000051e+04 5.670692469641593902e-01 1.208290000000000086e+00
1.632353100000000086e+04 4.032068895509772766e-01 -2.877720000000000056e+00
1.632354199999999946e+04 3.912320321377942278e-01 -4.758859999999999757e-01
1.632357099999999991e+04 5.582241747246121655e-01 5.269840000000000080e-01
1.632851800000000003e+04 6.140273673114291508e-01 4.969259999999999788e-01
1.632852499999999964e+04 6.901820098982462959e-01 -9.506179999999999630e-01
1.632853199999999924e+04 8.099121524850638743e-01 1.998199999999999976e+00
1.632853900000000067e+04 6.703192450718811202e-01 5.777370000000000339e+00
1.632854600000000028e+04 3.261678876586984188e-01 4.931309999999999860e+00
1.632951800000000003e+04 2.824730302455153996e-01 1.954319999999999946e-01
1.632952599999999984e+04 2.448673228323330342e-01 -1.074470000000000036e+00
1.632953299999999945e+04 2.424174654191508793e-01 3.700790000000000024e+00
1.632954000000000087e+04 2.528856080059678213e-01 1.455410000000000093e+00
1.632954700000000048e+04 3.126063505927851871e-01 2.312479999999999869e+00
1.633052000000000044e+04 2.774595731796023479e-01 3.243930000000000202e+00
1.633052800000000025e+04 2.460480657664199100e-01 5.536349999999999660e+00
1.633053499999999985e+04 5.318211083532371486e-01 2.489190000000000014e-01
1.633054199999999946e+04 4.954982509400542856e-01 -2.903319999999999901e+00
1.633152700000000004e+04 1.328463935268717755e-01 1.850240000000000107e+00
1.633153499999999985e+04 -1.900696388631084588e-02 5.810729999999999507e-01
1.633154099999999926e+04 -9.396792129949327332e-02 1.392719999999999958e+00
1.633154900000000089e+04 -6.933657871267606687e-02 -2.434930000000000039e+00
1.633252100000000064e+04 -2.660474361258589049e-01 9.519560000000000244e-01
1.633252800000000025e+04 -3.504892935390415687e-01 5.747560000000000169e-02
1.633253499999999985e+04 -4.777846509522241103e-01 1.021230000000000054e-01
1.633254199999999946e+04 -6.516525083654070016e-01 4.998269999999999769e+00
1.633254900000000089e+04 -9.401413657785893108e-01 1.505169999999999897e+00
1.633651800000000003e+04 -9.642586731917720533e-01 -1.242240000000000011e+00
1.633652499999999964e+04 -8.307640306049548506e-01 2.127670000000000172e+00
1.633653199999999924e+04 -9.349473880181372598e-01 -1.070359999999999978e+00
1.633653900000000067e+04 -9.756723954313201164e-01 -3.484160000000000035e-01
